0, 65, 69140, 94, 284, 9, 2, 185
0, 47, 58104, 85, 4732, 2, 4, 32
1, 51, 57848, 83, 3569, 5, 2, 765
1, 12, 82751, 95, 1849, 1, 1, 235
1, 57, 71287, 51, 4937, 9, 1, 185
0, 89, 91673, 11, 3862, 4, 4, 766
0, 49, 24311, 38, 887, 2, 3, 555
1, 67, 42180, 60, 3754, 5, 3, 450
1, 92, 11209, 77, 1504, 1, 1, 971
1, 46, 25691, 61, 444, 1, 4, 584
1, 36, 18329, 95, 4650, 9, 2, 68
0, 8, 76522, 96, 4659, 2, 1, 955
1, 44, 32121, 57, 1318, 5, 1, 348
1, 17, 99427, 79, 2728, 4, 3, 611
1, 20, 59967, 49, 4406, 10, 4, 494
1, 79, 98840, 44, 1908, 8, 1, 804
0, 93, 88369, 22, 835, 6, 3, 487
0, 75, 25795, 18, 1471, 1, 4, 17
1, 70, 19113, 44, 4579, 3, 4, 475
1, 47, 83521, 55, 2533, 4, 3, 696
1, 62, 51068, 72, 2203, 1, 4, 593
0, 47, 46736, 35, 2611, 7, 3, 736
1, 95, 82174, 42, 1536, 1, 4, 184
1, 60, 27125, 45, 3361, 5, 3, 164
0, 66, 50858, 88, 2823, 1, 4, 122
0, 68, 81351, 57, 3817, 9, 2, 822
1, 3, 73617, 89, 4989, 2, 4, 589
1, 42, 77535, 57, 3974, 6, 3, 917
0, 97, 76583, 48, 4889, 7, 4, 475
0, 70, 39896, 28, 3651, 10, 3, 359
0, 25, 75855, 69, 2213, 2, 2, 996
0, 31, 77950, 47, 3586, 3, 3, 284
1, 69, 31829, 32, 3022, 2, 4, 288
0, 16, 95045, 13, 4327, 6, 1, 799
0, 50, 20020, 43, 2353, 3, 3, 266
1, 3, 63787, 68, 3240, 10, 3, 828
1, 35, 76412, 83, 4065, 10, 4, 301
1, 38, 40124, 26, 2133, 1, 4, 716
1, 89, 57545, 35, 2608, 1, 2, 433
0, 88, 18130, 59, 3806, 9, 1, 703
0, 94, 97229, 66, 1405, 7, 2, 912
0, 57, 55990, 72, 4830, 7, 3, 474
0, 99, 84245, 75, 3519, 7, 4, 996
0, 72, 48819, 99, 1642, 6, 4, 662
0, 51, 37862, 40, 4524, 1, 1, 276
1, 93, 57486, 45, 1922, 6, 3, 247
0, 33, 21724, 89, 358, 3, 2, 567
1, 36, 87486, 63, 4160, 4, 1, 172
0, 63, 69645, 38, 2754, 6, 3, 262
0, 28, 92912, 66, 1008, 3, 4, 173
0, 61, 65852, 65, 2764, 3, 2, 535
0, 85, 89128, 23, 2360, 5, 2, 159
0, 16, 37345, 71, 65, 9, 3, 755
0, 9, 13805, 68, 3010, 7, 1, 105
0, 85, 93973, 38, 1827, 4, 2, 760
0, 92, 41883, 26, 3717, 2, 1, 200
1, 94, 53673, 84, 423, 3, 2, 963
0, 61, 37790, 97, 2019, 3, 4, 133
1, 35, 84054, 81, 1031, 4, 3, 528
0, 100, 95141, 31, 2283, 4, 1, 972
1, 37, 49710, 17, 1269, 2, 3, 940
1, 55, 95264, 95, 2176, 5, 3, 159
1, 53, 74011, 83, 4925, 3, 3, 912
0, 76, 83811, 87, 3732, 7, 1, 571
1, 44, 65593, 95, 4101, 1, 1, 217
1, 32, 16062, 13, 917, 4, 4, 565
1, 57, 11946, 24, 65, 2, 4, 324
1, 54, 22970, 62, 4016, 6, 4, 434
1, 59, 41990, 72, 2497, 6, 4, 739
0, 11, 67604, 17, 1928, 5, 3, 620
0, 2, 38978, 64, 1541, 10, 1, 26
1, 30, 33141, 59, 1299, 9, 2, 870
0, 24, 16729, 56, 591, 3, 3, 968
1, 8, 61928, 65, 1900, 7, 1, 802
0, 44, 78868, 94, 432, 8, 3, 835
0, 28, 52364, 95, 562, 5, 4, 304
0, 34, 86249, 25, 305, 9, 3, 775
1, 84, 38480, 53, 2372, 7, 2, 782
0, 85, 32441, 31, 2942, 6, 3, 17
1, 12, 84603, 41, 4495, 5, 1, 189
0, 83, 23181, 44, 330, 2, 2, 212
0, 82, 70264, 73, 4006, 4, 1, 826
1, 92, 13358, 37, 3631, 4, 2, 344
0, 37, 20718, 99, 3729, 2, 1, 701
0, 93, 39176, 54, 4730, 1, 2, 255
1, 71, 44971, 27, 2439, 6, 4, 788
1, 99, 21644, 26, 2036, 4, 3, 509
1, 56, 48174, 17, 2885, 10, 4, 982
0, 24, 17399, 53, 3250, 3, 4, 543
0, 80, 90758, 76, 2730, 2, 3, 457
1, 16, 19133, 51, 3889, 2, 3, 916
1, 5, 18981, 40, 2961, 10, 1, 768
1, 32, 63816, 31, 3427, 7, 2, 496
1, 29, 88348, 85, 4390, 10, 4, 536
0, 98, 88740, 64, 396, 5, 1, 552
1, 12, 25525, 98, 3876, 7, 1, 161
1, 12, 52868, 41, 2406, 1, 1, 437
0, 70, 36564, 93, 1835, 10, 3, 933
1, 51, 41190, 56, 461, 7, 3, 593
0, 38, 43755, 37, 4086, 5, 2, 21
1, 89, 49580, 58, 494, 10, 4, 693
1, 49, 14304, 81, 4454, 9, 3, 683
0, 73, 74565, 64, 992, 10, 3, 478
1, 43, 11741, 29, 2477, 6, 3, 711
1, 48, 59838, 27, 873, 4, 2, 195
1, 52, 11321, 77, 1131, 6, 4, 588
1, 54, 20542, 28, 1933, 7, 1, 579
0, 27, 63706, 35, 298, 7, 3, 681
1, 19, 48516, 24, 1615, 6, 4, 793
0, 85, 13504, 37, 198, 5, 3, 215
0, 29, 86738, 52, 2629, 7, 4, 897
1, 94, 57845, 86, 206, 3, 1, 891
0, 99, 68913, 97, 160, 2, 1, 743
1, 59, 89801, 53, 1239, 1, 1, 249
1, 22, 68401, 96, 3243, 3, 2, 253
1, 23, 83097, 11, 3790, 3, 3, 50
0, 97, 89211, 80, 4720, 4, 3, 247
0, 11, 14624, 23, 1721, 10, 4, 985
0, 71, 12981, 59, 2217, 6, 1, 116
1, 44, 64489, 43, 3727, 5, 3, 500
0, 75, 54120, 52, 4353, 4, 2, 425
1, 38, 48191, 91, 1645, 4, 2, 832
1, 4, 23639, 73, 2708, 10, 4, 807
0, 79, 88563, 44, 2215, 10, 2, 298
0, 30, 56005, 40, 704, 8, 2, 955
1, 54, 60211, 35, 3741, 6, 3, 843
1, 60, 11415, 90, 464, 6, 4, 589
0, 29, 21931, 40, 2416, 6, 4, 659
1, 24, 68295, 14, 4169, 4, 2, 544
1, 99, 95025, 46, 4660, 8, 3, 735
0, 14, 46607, 42, 4697, 7, 3, 639
1, 11, 96304, 12, 3147, 8, 1, 760
0, 49, 87693, 37, 1245, 2, 4, 51
0, 57, 59317, 18, 1024, 8, 1, 682
1, 88, 74357, 53, 2919, 2, 4, 412
0, 77, 41600, 58, 1700, 8, 1, 685
0, 82, 79686, 21, 4235, 5, 3, 373
0, 91, 92472, 14, 1353, 6, 2, 738
0, 68, 28452, 48, 3023, 8, 3, 412
1, 79, 77009, 13, 4750, 4, 2, 955
1, 61, 94789, 57, 2189, 9, 3, 368
1, 48, 22993, 42, 2231, 10, 1, 103
1, 92, 22228, 35, 2575, 9, 1, 326
0, 44, 35837, 47, 339, 3, 2, 238
1, 6, 28969, 87, 2094, 6, 3, 927
0, 26, 44145, 63, 2755, 3, 2, 590
0, 73, 65420, 57, 1384, 6, 4, 568
1, 70, 34735, 49, 4721, 8, 1, 199
1, 56, 47189, 19, 505, 3, 1, 94
1, 65, 92938, 37, 1241, 3, 4, 380
0, 26, 11033, 82, 23, 1, 4, 349
1, 20, 97595, 66, 2861, 6, 2, 73
1, 86, 71148, 92, 1542, 1, 1, 578
1, 4, 96616, 60, 856, 6, 3, 414
0, 41, 49334, 50, 92, 1, 1, 495
0, 25, 81812, 82, 1707, 3, 4, 729
1, 75, 27902, 34, 1548, 9, 1, 306
1, 28, 83092, 29, 2905, 4, 1, 31
1, 44, 12187, 26, 2894, 9, 1, 900
0, 85, 87553, 58, 4537, 1, 2, 339
0, 31, 93906, 63, 4368, 10, 1, 985
0, 72, 91982, 97, 4810, 2, 3, 979
1, 6, 53705, 80, 622, 4, 3, 879
1, 26, 36628, 39, 3923, 6, 2, 668
0, 18, 55444, 92, 798, 2, 2, 515
1, 21, 82882, 77, 990, 6, 4, 620
0, 81, 25955, 96, 4111, 8, 1, 980
1, 90, 81562, 94, 749, 4, 4, 202
1, 93, 76693, 76, 309, 6, 1, 378
0, 26, 14758, 24, 3522, 7, 1, 374
0, 41, 40526, 39, 430, 1, 1, 365
0, 73, 78666, 20, 261, 10, 2, 44
1, 15, 66411, 29, 1696, 6, 4, 137
1, 51, 40783, 32, 3843, 3, 3, 192
0, 32, 95745, 96, 287, 2, 4, 515
0, 14, 95912, 59, 2211, 9, 3, 227
1, 76, 29687, 46, 3256, 4, 2, 424
1, 46, 94288, 95, 3996, 7, 2, 740
1, 90, 92263, 96, 3263, 8, 4, 504
1, 71, 50550, 92, 3430, 1, 3, 623
0, 67, 55828, 56, 4641, 9, 3, 52
1, 33, 63126, 32, 4110, 5, 1, 486
1, 61, 51114, 97, 2916, 8, 3, 71
1, 59, 44636, 68, 384, 3, 3, 816
1, 71, 74884, 66, 4569, 3, 2, 988
0, 13, 91695, 68, 1502, 1, 4, 939
1, 7, 16574, 18, 3873, 10, 2, 736
1, 31, 61661, 96, 3990, 10, 2, 368
1, 81, 41777, 72, 111, 9, 1, 325
0, 75, 19833, 82, 4710, 8, 2, 864
1, 29, 58695, 45, 404, 10, 1, 498
1, 72, 42683, 22, 4185, 5, 2, 824
0, 44, 98003, 97, 4270, 8, 3, 768
1, 40, 33605, 82, 4981, 2, 3, 965
0, 52, 53502, 94, 20, 6, 4, 946
0, 92, 65533, 57, 384, 2, 4, 622
1, 16, 76645, 23, 1604, 5, 2, 967
1, 63, 83535, 61, 3349, 7, 1, 842
1, 54, 30674, 21, 2537, 8, 2, 712
1, 20, 85577, 93, 1928, 2, 2, 631
1, 73, 27159, 21, 4329, 2, 1, 885
1, 72, 32975, 26, 1993, 5, 3, 663
1, 11, 48036, 60, 4690, 9, 4, 723
0, 11, 16432, 23, 830, 10, 2, 786
0, 75, 73977, 45, 2674, 5, 2, 270
1, 11, 37933, 21, 4339, 3, 4, 214
0, 15, 36374, 47, 2663, 6, 1, 292
0, 99, 83550, 89, 2935, 1, 2, 446
1, 37, 52590, 11, 4055, 9, 1, 165
1, 60, 12747, 42, 2505, 10, 3, 361
1, 33, 72912, 23, 418, 4, 1, 513
0, 34, 39411, 74, 3709, 3, 1, 234
1, 3, 26049, 38, 2668, 4, 3, 834
0, 80, 42587, 93, 3638, 8, 2, 929
1, 83, 32088, 29, 1156, 8, 4, 801
0, 9, 51432, 15, 1821, 5, 1, 815
1, 8, 90793, 50, 3658, 6, 2, 992
1, 32, 94212, 16, 3756, 10, 2, 711
1, 47, 33611, 41, 3786, 8, 2, 541
0, 44, 58503, 11, 765, 7, 1, 223
1, 9, 80163, 58, 2276, 5, 4, 421
0, 57, 82571, 93, 1451, 9, 4, 523
1, 53, 84028, 20, 4130, 8, 1, 643
0, 61, 39435, 84, 2010, 2, 1, 969
1, 57, 54526, 67, 1332, 2, 4, 25
1, 48, 28772, 84, 2547, 10, 1, 591
0, 21, 70846, 84, 3353, 7, 1, 363
0, 71, 79872, 60, 2758, 1, 2, 537
0, 55, 21837, 88, 2998, 2, 4, 161
1, 20, 19595, 62, 1698, 5, 4, 488
1, 60, 10644, 20, 2547, 7, 2, 44
0, 35, 94457, 86, 634, 4, 2, 307
0, 86, 21109, 11, 3173, 1, 4, 926
0, 53, 68704, 65, 1105, 10, 1, 761
0, 49, 97472, 81, 4795, 5, 1, 813
1, 76, 93620, 48, 1184, 1, 3, 152
0, 33, 17211, 15, 2222, 1, 3, 947
1, 46, 21144, 93, 3180, 10, 3, 922
0, 6, 12563, 72, 1878, 7, 4, 498
1, 38, 47080, 49, 568, 1, 1, 723
0, 2, 41663, 22, 4849, 7, 1, 316
1, 66, 17977, 56, 2169, 9, 2, 528
1, 91, 55852, 65, 4999, 1, 2, 735
0, 71, 74738, 95, 933, 2, 1, 145
0, 63, 45795, 11, 2741, 1, 2, 729
1, 27, 66363, 79, 882, 9, 1, 806
1, 2, 54882, 73, 3566, 4, 1, 784
0, 12, 29967, 49, 155, 5, 4, 343
1, 56, 94539, 59, 2053, 8, 4, 897
1, 75, 84905, 53, 3324, 3, 1, 442
1, 98, 60940, 54, 2555, 5, 3, 428
0, 18, 94435, 21, 1822, 6, 3, 38
0, 27, 59220, 95, 3680, 7, 1, 513
1, 100, 18638, 69, 4871, 2, 2, 462
1, 94, 79027, 66, 1294, 8, 3, 441
0, 49, 19091, 27, 1361, 8, 1, 785
1, 95, 70539, 99, 794, 6, 1, 101
1, 50, 63686, 58, 1522, 10, 2, 293
1, 4, 73717, 35, 1236, 1, 2, 980
0, 61, 54301, 66, 2436, 4, 3, 153
1, 59, 97907, 65, 4256, 2, 4, 151
0, 74, 58388, 35, 68, 1, 3, 217
1, 81, 64273, 80, 3466, 4, 1, 543
0, 18, 30635, 32, 1302, 2, 1, 421
1, 76, 95126, 92, 3360, 3, 3, 141
0, 73, 40945, 92, 3766, 4, 1, 200
0, 76, 19279, 45, 4498, 2, 4, 523
0, 91, 82832, 99, 2479, 4, 4, 307
1, 92, 81206, 97, 146, 7, 4, 599
0, 57, 48759, 28, 1822, 3, 1, 227
1, 76, 51668, 77, 508, 5, 4, 506
1, 69, 61629, 38, 1118, 1, 4, 548
0, 45, 81130, 95, 2577, 8, 4, 101
1, 1, 96497, 82, 2563, 1, 1, 193
0, 71, 21008, 99, 4617, 3, 2, 222
1, 37, 96437, 10, 3122, 4, 4, 99
0, 30, 15047, 12, 1367, 6, 3, 126
1, 66, 94487, 60, 4067, 9, 2, 112
0, 73, 50427, 39, 3520, 6, 2, 359
1, 6, 36637, 55, 743, 4, 1, 50
0, 54, 55889, 39, 811, 3, 4, 432
0, 37, 86945, 94, 2924, 10, 2, 455
1, 47, 25987, 42, 2133, 3, 3, 933
0, 12, 27379, 43, 1324, 5, 2, 1000
0, 73, 11777, 57, 3584, 3, 4, 980
1, 11, 40384, 59, 1911, 8, 4, 223
0, 76, 52826, 45, 1612, 5, 3, 267
0, 17, 12343, 29, 627, 8, 2, 869
1, 29, 79456, 64, 4412, 2, 2, 271
0, 94, 78558, 41, 1068, 2, 2, 236
0, 57, 46837, 50, 2434, 7, 1, 887
0, 90, 76475, 26, 2837, 9, 1, 48
0, 54, 12175, 64, 773, 3, 1, 405
1, 99, 92417, 56, 4411, 7, 4, 264
0, 90, 49154, 60, 3945, 9, 1, 393
1, 78, 83514, 64, 4428, 5, 4, 348
0, 81, 99473, 22, 2516, 1, 3, 332
0, 70, 16595, 84, 1397, 3, 3, 338
0, 81, 49370, 97, 1336, 3, 1, 920
1, 17, 77190, 83, 3207, 2, 1, 639
1, 16, 41794, 52, 2687, 7, 3, 95
1, 2, 75496, 87, 570, 7, 4, 797
0, 21, 34508, 29, 2434, 6, 3, 154
0, 58, 64975, 65, 915, 8, 2, 375
0, 32, 17365, 25, 4032, 8, 3, 595
0, 81, 32419, 62, 968, 7, 2, 730
0, 93, 14834, 90, 2419, 3, 3, 940
0, 77, 48181, 42, 2235, 2, 1, 946
1, 90, 21505, 39, 4820, 4, 4, 967
1, 45, 36120, 85, 1082, 7, 4, 362
1, 25, 33965, 45, 841, 9, 1, 743
0, 71, 88993, 54, 1714, 9, 1, 432
0, 25, 23827, 73, 3312, 8, 4, 202
1, 8, 32040, 86, 258, 7, 2, 80
0, 70, 29373, 59, 2953, 3, 2, 999
0, 65, 98957, 30, 878, 10, 4, 872
0, 59, 29642, 13, 575, 9, 2, 725
1, 62, 25344, 100, 3548, 1, 3, 235
0, 33, 66502, 90, 4194, 6, 1, 578
1, 57, 90532, 48, 2291, 10, 1, 283
1, 30, 51196, 31, 2157, 9, 2, 563
1, 23, 58864, 79, 1229, 9, 4, 671
0, 3, 33827, 38, 2110, 1, 3, 190
1, 30, 29041, 90, 1604, 8, 4, 116
1, 74, 94369, 35, 4847, 5, 3, 408
0, 64, 67890, 34, 2589, 6, 3, 754
1, 9, 95264, 60, 4305, 3, 1, 428
1, 6, 40485, 54, 4600, 4, 1, 197
0, 30, 78428, 84, 4145, 3, 2, 745
0, 38, 13885, 59, 1084, 9, 1, 634
0, 85, 77122, 25, 1660, 7, 2, 983
1, 28, 47828, 28, 1768, 3, 1, 907
1, 61, 21415, 75, 2427, 8, 2, 376
1, 31, 28855, 72, 3086, 6, 4, 219
0, 97, 68690, 13, 4749, 9, 1, 393
1, 23, 65096, 33, 2299, 1, 1, 820
1, 90, 46477, 23, 648, 4, 1, 330
0, 66, 75484, 86, 3501, 1, 3, 749
1, 8, 47645, 90, 2462, 2, 1, 517
1, 41, 43359, 63, 2262, 1, 3, 285
0, 2, 55358, 14, 540, 1, 1, 849
1, 27, 88255, 32, 216, 8, 2, 177
1, 52, 40462, 68, 3003, 2, 2, 884
0, 48, 48021, 60, 2651, 4, 3, 148
1, 64, 37177, 30, 3331, 8, 1, 690
0, 59, 68178, 43, 3133, 4, 4, 603
0, 64, 46256, 38, 3180, 8, 4, 538
0, 32, 47123, 83, 4481, 9, 2, 992
1, 61, 85016, 42, 2241, 7, 4, 959
1, 11, 50487, 97, 4806, 8, 3, 618
1, 11, 91324, 92, 4568, 1, 1, 307
0, 94, 18787, 77, 1255, 1, 3, 730
0, 34, 17435, 56, 3143, 5, 1, 273
1, 14, 55629, 11, 2193, 7, 1, 830
0, 57, 13190, 27, 2209, 6, 3, 929
0, 79, 46145, 20, 3563, 4, 2, 386
0, 83, 67860, 49, 780, 10, 4, 741
1, 48, 37732, 52, 1536, 4, 4, 564
1, 99, 69069, 14, 2920, 10, 4, 803
1, 93, 60844, 49, 3569, 9, 2, 355
1, 32, 31288, 39, 210, 7, 3, 796
0, 4, 83925, 75, 1622, 8, 3, 68
0, 29, 44868, 15, 3430, 2, 2, 162
0, 60, 14214, 32, 1354, 8, 1, 590
0, 25, 26753, 22, 4701, 6, 3, 343
1, 51, 52885, 42, 1448, 2, 1, 557
1, 26, 12684, 17, 1532, 3, 2, 118
1, 56, 74817, 15, 417, 4, 3, 449
1, 56, 75678, 54, 2549, 1, 4, 291
0, 10, 31859, 16, 688, 2, 4, 363
1, 46, 84174, 63, 884, 7, 4, 72
1, 12, 32778, 47, 2266, 1, 1, 932
1, 90, 40323, 17, 2576, 10, 3, 802
0, 81, 68071, 56, 4962, 1, 1, 322
0, 21, 33918, 91, 4393, 3, 4, 98
1, 27, 92559, 90, 4535, 8, 4, 432
0, 24, 50578, 94, 3468, 3, 1, 443
0, 35, 70252, 98, 4994, 3, 2, 191
0, 36, 51946, 48, 3437, 7, 4, 713
1, 57, 37827, 77, 4304, 3, 3, 471
1, 71, 63058, 97, 1052, 2, 1, 322
0, 11, 56769, 93, 4729, 3, 4, 135
0, 42, 84369, 93, 18, 5, 1, 724
0, 38, 79759, 96, 3995, 3, 4, 632
0, 48, 55170, 58, 160, 2, 4, 379
0, 21, 66453, 98, 4708, 4, 4, 675
0, 47, 82138, 48, 2391, 8, 1, 931
0, 13, 37960, 77, 4094, 7, 3, 513
1, 70, 84743, 19, 3508, 5, 2, 487
1, 54, 83112, 34, 4744, 8, 2, 939
0, 9, 86364, 17, 560, 6, 3, 26
0, 15, 52673, 92, 1932, 4, 2, 936
0, 74, 84976, 16, 2972, 8, 3, 727
1, 64, 87647, 48, 540, 3, 4, 684
1, 70, 13480, 19, 3142, 2, 2, 4
0, 27, 29285, 78, 2085, 2, 3, 794
1, 99, 73628, 74, 4139, 8, 1, 778
1, 1, 43398, 36, 2342, 5, 1, 234
1, 16, 71858, 78, 3997, 1, 2, 202
1, 46, 49243, 13, 1973, 3, 2, 112
0, 90, 17267, 24, 1439, 3, 1, 410
0, 42, 57334, 49, 2418, 6, 1, 967
1, 42, 54080, 34, 4452, 2, 3, 948
1, 82, 84154, 31, 1503, 6, 4, 469
1, 15, 21197, 53, 4101, 7, 3, 446
1, 44, 98642, 56, 4569, 1, 4, 630
0, 46, 74824, 88, 1924, 1, 3, 782
1, 42, 32329, 76, 733, 3, 3, 276
0, 48, 46367, 24, 2832, 10, 3, 12
0, 96, 76664, 72, 3806, 3, 2, 397
1, 62, 73600, 10, 3872, 2, 3, 955
0, 12, 70321, 71, 281, 2, 1, 172
1, 22, 69337, 15, 2303, 9, 1, 611
1, 8, 12978, 86, 3198, 5, 3, 36
0, 9, 60146, 24, 2856, 4, 1, 629
1, 77, 55852, 13, 4611, 8, 4, 35
0, 42, 68392, 44, 3354, 5, 2, 317
1, 60, 70954, 75, 507, 7, 4, 878
0, 45, 98443, 45, 4328, 2, 4, 580
0, 42, 58010, 66, 599, 4, 4, 122
1, 59, 83691, 27, 1371, 3, 4, 94
1, 100, 45483, 80, 2926, 4, 1, 434
1, 94, 46880, 72, 1507, 9, 2, 201
1, 51, 47218, 50, 1823, 7, 3, 5
1, 84, 33250, 72, 2316, 5, 1, 703
0, 82, 21292, 56, 454, 9, 2, 464
0, 25, 32098, 79, 1101, 5, 3, 268
1, 88, 71214, 16, 41, 4, 4, 254
1, 18, 66225, 72, 2265, 3, 3, 772
0, 14, 65545, 81, 1744, 8, 4, 408
0, 87, 25675, 90, 137, 10, 4, 663
1, 79, 72087, 96, 3206, 10, 2, 850
0, 72, 42015, 66, 4284, 4, 1, 834
1, 38, 46976, 55, 1729, 9, 4, 911
1, 71, 17895, 12, 3157, 9, 1, 106
0, 89, 71872, 27, 2800, 7, 3, 425
0, 90, 90934, 42, 2549, 2, 2, 389
1, 23, 65442, 21, 2341, 1, 1, 610
1, 69, 33794, 35, 488, 6, 4, 999
1, 73, 64664, 60, 1863, 6, 3, 278
1, 79, 81123, 65, 708, 6, 4, 276
0, 51, 93535, 53, 1965, 3, 2, 690
1, 42, 97669, 80, 2026, 1, 2, 963
0, 99, 21253, 100, 1492, 8, 4, 907
1, 92, 42933, 71, 589, 2, 4, 23
1, 12, 29168, 25, 4631, 3, 3, 240
1, 13, 85352, 48, 1337, 9, 2, 682
1, 87, 41407, 55, 4827, 9, 3, 35
0, 38, 77165, 65, 2330, 4, 4, 717
1, 96, 94094, 52, 3073, 1, 4, 858
0, 7, 26798, 44, 4597, 10, 4, 783
1, 70, 62398, 31, 4168, 9, 2, 405
1, 95, 32043, 86, 2903, 5, 4, 769
1, 6, 50530, 64, 1904, 8, 3, 609
1, 62, 96690, 77, 3966, 8, 2, 652
1, 32, 42391, 38, 3511, 2, 1, 202
0, 98, 34294, 60, 4375, 2, 3, 370
1, 82, 61609, 35, 3984, 10, 3, 176
0, 80, 87802, 39, 763, 4, 4, 437
0, 48, 58676, 36, 1500, 2, 3, 783
0, 23, 71151, 58, 1737, 4, 2, 45
1, 97, 92059, 39, 4512, 6, 1, 681
0, 39, 23824, 92, 1385, 10, 1, 538
0, 45, 33359, 34, 4717, 10, 3, 121
0, 47, 17481, 30, 1476, 3, 2, 349
0, 70, 25279, 39, 2564, 8, 1, 347
1, 46, 94775, 53, 4268, 4, 3, 825
0, 29, 38688, 26, 3465, 7, 3, 776
0, 42, 78524, 94, 2261, 6, 3, 495
0, 14, 62697, 39, 2872, 6, 1, 275
0, 42, 46445, 90, 1540, 1, 3, 293
0, 96, 31490, 83, 2478, 10, 3, 616
1, 58, 55907, 24, 2969, 10, 4, 329
0, 8, 73494, 34, 69, 10, 4, 485
1, 53, 29750, 67, 1405, 4, 3, 123
1, 61, 82637, 77, 4966, 7, 4, 498
0, 11, 48162, 70, 3518, 1, 3, 216
0, 53, 44629, 87, 490, 9, 3, 767
1, 36, 77399, 84, 19, 7, 3, 631
1, 48, 13524, 55, 785, 2, 1, 70
1, 72, 56242, 14, 563, 9, 2, 140
0, 80, 46219, 35, 673, 4, 1, 699
0, 46, 36383, 17, 309, 6, 3, 569
0, 73, 86207, 46, 2460, 2, 2, 121
1, 21, 42609, 65, 1001, 7, 2, 104
1, 65, 34243, 81, 3515, 3, 1, 846
1, 36, 28882, 86, 134, 6, 3, 935
1, 98, 98807, 98, 3385, 1, 2, 334
0, 79, 19565, 44, 3406, 2, 3, 257
1, 92, 28673, 61, 2770, 6, 4, 348
0, 11, 23049, 13, 4531, 6, 3, 4
0, 55, 68131, 26, 1469, 2, 3, 818
1, 35, 21507, 34, 4638, 3, 4, 529
1, 34, 53393, 70, 4563, 1, 3, 879
0, 4, 29614, 55, 475, 7, 1, 627
1, 16, 30902, 19, 714, 8, 4, 11
1, 32, 80181, 57, 3100, 9, 2, 47
0, 69, 12613, 19, 4522, 9, 1, 581
0, 55, 17615, 49, 656, 10, 1, 281
0, 6, 52968, 97, 3835, 9, 4, 319
1, 68, 24889, 27, 2848, 10, 4, 39
0, 8, 30062, 62, 1038, 7, 2, 760
0, 79, 20639, 68, 3526, 8, 2, 729
0, 31, 59005, 56, 2118, 7, 2, 242
1, 45, 63391, 81, 1300, 8, 3, 624
0, 12, 76049, 54, 2637, 3, 2, 828
1, 96, 62251, 61, 3648, 9, 4, 783
0, 80, 17155, 14, 1435, 1, 4, 711
0, 76, 26480, 11, 4644, 4, 2, 936
0, 20, 83650, 97, 46, 2, 3, 303
0, 94, 93970, 96, 1188, 10, 3, 178
1, 73, 29857, 87, 421, 6, 2, 473
1, 74, 98354, 68, 1570, 9, 4, 694
0, 58, 11448, 55, 2072, 8, 3, 379
1, 44, 83750, 81, 3134, 2, 1, 582
0, 70, 64922, 99, 1400, 10, 4, 578
0, 75, 79388, 23, 4866, 9, 3, 674
0, 19, 66568, 95, 906, 5, 4, 740
1, 76, 65248, 21, 4638, 3, 4, 200
1, 3, 30078, 24, 2965, 3, 1, 748
0, 82, 22822, 23, 4080, 1, 4, 345
1, 43, 73668, 84, 2468, 4, 2, 361
0, 12, 51701, 18, 4036, 1, 4, 687
0, 63, 23282, 91, 3656, 5, 2, 535
0, 93, 20838, 88, 975, 7, 4, 483
1, 52, 68730, 18, 3962, 7, 3, 375
0, 69, 75409, 91, 2681, 5, 1, 475
1, 51, 68068, 49, 92, 10, 1, 442
0, 40, 37916, 71, 1707, 5, 2, 675
1, 31, 61213, 51, 3935, 4, 1, 499
1, 46, 32322, 71, 2171, 6, 2, 196
1, 32, 97189, 84, 3343, 5, 2, 801
1, 15, 61778, 37, 1909, 5, 3, 299
1, 23, 66086, 98, 4477, 2, 1, 374
1, 43, 30478, 31, 2155, 1, 1, 418
1, 74, 72774, 65, 2162, 1, 1, 687
0, 91, 16879, 100, 4922, 4, 3, 787
1, 5, 39730, 16, 1477, 8, 4, 647
0, 75, 39582, 15, 1632, 7, 2, 946
0, 53, 75627, 25, 314, 9, 4, 613
0, 91, 89971, 60, 982, 7, 4, 404
0, 29, 76345, 83, 2949, 10, 1, 380
0, 93, 86750, 21, 4215, 2, 1, 49
0, 19, 99382, 54, 3611, 3, 3, 392
0, 23, 42917, 65, 2931, 7, 1, 340
0, 38, 55218, 19, 522, 4, 3, 938
0, 1, 14977, 53, 1150, 7, 2, 126
0, 41, 33525, 13, 185, 4, 3, 348
1, 5, 19512, 43, 2558, 1, 2, 883
1, 83, 95187, 77, 453, 5, 4, 320
0, 27, 26644, 72, 174, 1, 3, 291
0, 21, 91723, 17, 2745, 9, 3, 980
1, 40, 10218, 92, 1003, 3, 2, 167
1, 15, 67622, 96, 4206, 4, 1, 117
0, 8, 37979, 78, 2244, 9, 2, 314
1, 84, 16585, 11, 3630, 1, 3, 682
0, 40, 60552, 94, 86, 10, 3, 203
0, 81, 27419, 14, 458, 5, 2, 36
0, 78, 78432, 91, 2612, 5, 3, 632
0, 11, 62885, 16, 3709, 9, 1, 782
0, 55, 93612, 28, 1645, 7, 4, 270
1, 99, 71125, 87, 2274, 4, 1, 769
1, 78, 44719, 91, 3543, 7, 2, 653
0, 28, 65138, 98, 4953, 1, 3, 314
0, 77, 74832, 63, 452, 10, 3, 551
1, 87, 30588, 36, 3797, 6, 4, 563
1, 59, 63760, 67, 4711, 9, 2, 478
0, 43, 38641, 33, 765, 6, 3, 361
0, 77, 98659, 85, 4568, 10, 3, 677
1, 73, 26110, 63, 270, 1, 3, 136
1, 25, 19568, 50, 1061, 3, 2, 207
0, 51, 45468, 47, 273, 6, 4, 660
1, 20, 27901, 91, 3187, 9, 2, 907
0, 75, 68440, 46, 325, 6, 2, 896
0, 79, 96113, 92, 1802, 1, 1, 29
0, 45, 94031, 93, 4125, 9, 1, 589
1, 1, 67518, 27, 2263, 2, 3, 952
0, 76, 59375, 100, 2957, 3, 1, 334
0, 94, 82172, 85, 2370, 2, 4, 311
0, 58, 93436, 38, 2297, 3, 4, 912
1, 59, 90531, 72, 3744, 4, 3, 998
1, 16, 86459, 23, 3566, 5, 2, 426
0, 35, 91455, 46, 1568, 8, 1, 757
0, 9, 45382, 62, 2916, 9, 3, 893
0, 16, 71951, 14, 1145, 8, 4, 507
0, 89, 29725, 30, 2920, 9, 3, 855
1, 90, 74692, 34, 3590, 4, 3, 715
1, 26, 26783, 60, 926, 6, 4, 590
1, 60, 53782, 52, 3218, 2, 4, 529
1, 85, 79642, 48, 1947, 2, 2, 133
1, 14, 32121, 15, 4297, 7, 3, 996
0, 51, 24792, 80, 1566, 9, 3, 130
0, 6, 17560, 21, 4664, 7, 2, 835
1, 51, 76541, 85, 3696, 6, 3, 259
0, 31, 88343, 62, 451, 5, 3, 140
0, 92, 88431, 52, 2380, 9, 1, 912
0, 70, 21338, 34, 2053, 9, 4, 220
1, 29, 48535, 42, 306, 8, 1, 919
0, 50, 55250, 42, 1491, 3, 2, 286
0, 97, 48579, 91, 244, 7, 2, 745
1, 17, 84179, 36, 2594, 5, 3, 983
1, 79, 99643, 75, 515, 4, 4, 913
1, 95, 33558, 43, 914, 5, 3, 282
0, 41, 81885, 14, 4062, 2, 4, 578
0, 26, 42559, 78, 4661, 10, 3, 45
0, 89, 98295, 99, 4438, 2, 4, 575
1, 12, 31230, 85, 3375, 6, 3, 150
1, 25, 99774, 85, 464, 1, 3, 675
0, 5, 82339, 33, 2159, 5, 4, 999
0, 24, 24511, 97, 3826, 1, 4, 824
0, 53, 34787, 94, 1707, 5, 1, 713
0, 75, 78029, 54, 4164, 7, 2, 98
1, 93, 58511, 59, 4057, 8, 3, 824
0, 29, 26895, 31, 2080, 4, 4, 900
1, 53, 46310, 90, 4075, 4, 4, 557
0, 21, 53626, 46, 4122, 1, 3, 956
0, 75, 89905, 47, 2578, 9, 1, 99
0, 44, 91712, 75, 657, 1, 4, 638
1, 69, 84529, 93, 1743, 9, 1, 282
1, 75, 84289, 14, 1354, 2, 2, 882
1, 58, 48659, 61, 1066, 6, 4, 565
0, 91, 62518, 21, 4972, 2, 3, 649
0, 59, 61208, 51, 587, 1, 3, 852
0, 79, 56148, 31, 4368, 5, 1, 731
1, 65, 63662, 76, 2630, 5, 1, 488
1, 53, 73166, 71, 4422, 10, 4, 281
0, 35, 31630, 37, 4845, 1, 1, 613
1, 63, 49846, 68, 4188, 10, 1, 489
1, 76, 24430, 24, 151, 1, 2, 841
0, 9, 95357, 100, 4942, 5, 4, 508
0, 13, 41345, 35, 2504, 1, 1, 560
0, 45, 23212, 43, 4018, 3, 1, 513
1, 94, 41795, 82, 3786, 1, 2, 324
1, 100, 25712, 53, 991, 5, 1, 5
1, 69, 76745, 41, 1867, 5, 1, 653
1, 100, 79062, 33, 1803, 3, 1, 789
0, 76, 94726, 93, 4315, 10, 2, 740
1, 83, 45603, 68, 3410, 8, 1, 460
0, 24, 60315, 42, 1550, 2, 4, 894
0, 51, 57169, 39, 3590, 9, 2, 372
0, 63, 55146, 59, 214, 7, 2, 308
1, 2, 40493, 26, 1983, 10, 3, 254
0, 22, 75720, 15, 4421, 2, 4, 430
0, 98, 25764, 67, 4285, 2, 3, 903
0, 71, 51726, 87, 2869, 8, 4, 69
0, 50, 15658, 42, 1382, 7, 2, 441
1, 79, 83961, 68, 4352, 2, 2, 400
0, 62, 79242, 73, 329, 5, 1, 956
0, 12, 77119, 78, 685, 9, 4, 656
0, 1, 11995, 32, 3857, 2, 2, 154
1, 70, 21103, 73, 4589, 1, 3, 58
0, 13, 31898, 24, 1704, 7, 1, 385
1, 2, 78837, 66, 4728, 7, 3, 202
0, 21, 96288, 13, 2807, 2, 4, 777
1, 21, 50819, 69, 2608, 10, 1, 378
1, 49, 15635, 11, 925, 2, 4, 723
0, 26, 59458, 81, 3476, 10, 1, 4
1, 20, 34916, 36, 3399, 5, 1, 320
1, 50, 35110, 20, 935, 7, 3, 972
0, 3, 49973, 86, 1762, 1, 4, 631
0, 22, 30014, 94, 3537, 1, 3, 342
1, 90, 93014, 73, 3923, 5, 4, 102
1, 3, 61617, 26, 292, 2, 3, 634
0, 3, 77021, 52, 2296, 9, 1, 600
1, 81, 74227, 11, 2346, 10, 1, 784
0, 82, 40940, 64, 2034, 7, 3, 248
0, 3, 31933, 56, 3636, 6, 2, 520
0, 80, 18671, 67, 393, 6, 4, 998
0, 16, 99147, 71, 1958, 2, 1, 394
1, 11, 13119, 84, 4419, 8, 4, 813
0, 31, 20350, 35, 1354, 8, 3, 299
1, 21, 94923, 11, 2141, 10, 2, 286
1, 64, 14521, 34, 2575, 2, 2, 310
0, 53, 23191, 82, 935, 10, 1, 912
0, 43, 14828, 82, 1213, 2, 1, 73
0, 55, 84856, 27, 1831, 7, 1, 150
0, 58, 67939, 100, 4310, 5, 2, 621
1, 35, 50893, 69, 2445, 3, 2, 70
1, 2, 75415, 40, 13, 5, 3, 2
0, 44, 13237, 98, 349, 8, 1, 511
0, 71, 17338, 51, 2518, 1, 4, 309
0, 85, 44228, 17, 47, 7, 1, 68
0, 74, 83561, 53, 3436, 1, 4, 84
1, 10, 11088, 85, 616, 7, 1, 413
1, 40, 52579, 60, 4650, 3, 3, 756
0, 51, 37611, 91, 4719, 7, 4, 771
1, 85, 63457, 45, 101, 6, 2, 837
0, 26, 86285, 89, 4476, 9, 4, 287
1, 28, 32041, 31, 457, 2, 1, 399
0, 82, 16535, 45, 1049, 2, 2, 769
1, 64, 77269, 23, 1035, 2, 2, 629
1, 21, 32266, 35, 647, 8, 3, 74
0, 17, 74608, 12, 522, 3, 3, 382
0, 94, 46992, 43, 431, 7, 3, 648
0, 60, 42453, 75, 3759, 5, 3, 422
0, 38, 53321, 93, 4651, 2, 4, 208
1, 2, 63285, 81, 10, 3, 1, 719
1, 4, 93241, 26, 2568, 7, 3, 723
1, 44, 40056, 68, 2734, 8, 1, 535
1, 39, 28937, 41, 2687, 2, 2, 889
1, 85, 75402, 15, 4496, 2, 2, 118
1, 79, 73522, 38, 2596, 2, 2, 907
1, 50, 48977, 35, 4790, 2, 4, 805
0, 44, 22659, 16, 1901, 8, 4, 139
1, 31, 45654, 78, 4056, 2, 3, 932
0, 36, 60783, 58, 4635, 6, 2, 948
1, 24, 45547, 41, 2346, 2, 3, 433
1, 46, 55287, 54, 3048, 5, 3, 821
0, 6, 72622, 75, 1661, 2, 1, 894
0, 30, 19184, 82, 4587, 4, 2, 708
0, 33, 13574, 58, 4884, 2, 3, 726
1, 47, 47815, 25, 3474, 1, 4, 91
0, 39, 30128, 95, 1996, 7, 3, 743
0, 92, 88958, 49, 685, 4, 3, 216
1, 11, 49422, 18, 2073, 7, 4, 123
1, 20, 91113, 41, 1705, 9, 2, 844
1, 79, 19542, 25, 180, 3, 2, 331
1, 25, 21610, 36, 3336, 2, 4, 537
1, 46, 47295, 68, 2523, 6, 3, 972
1, 3, 54754, 39, 4641, 1, 4, 708
1, 19, 33318, 94, 2456, 7, 1, 667
1, 33, 28108, 94, 1707, 4, 3, 47
0, 68, 59581, 54, 185, 3, 2, 866
1, 38, 32243, 32, 3996, 10, 4, 564
1, 81, 50627, 98, 275, 10, 3, 209
0, 44, 36334, 98, 4599, 4, 4, 747
0, 31, 65789, 79, 3360, 3, 4, 444
0, 10, 85589, 10, 1826, 9, 1, 476
1, 96, 52582, 94, 1637, 6, 4, 938
1, 97, 77002, 97, 1724, 7, 3, 533
1, 75, 19142, 52, 3047, 8, 2, 588
0, 14, 90685, 38, 3957, 3, 2, 966
1, 24, 87959, 63, 2454, 9, 1, 870
1, 54, 15370, 27, 1236, 3, 2, 368
1, 53, 35535, 41, 4475, 3, 3, 28
1, 96, 74800, 38, 300, 4, 3, 487
0, 65, 47688, 89, 3232, 4, 1, 276
0, 58, 47877, 17, 541, 6, 2, 194
1, 74, 29572, 79, 4477, 4, 1, 344
0, 73, 18131, 21, 3191, 3, 1, 64
1, 37, 44848, 41, 3360, 2, 4, 342
1, 80, 11110, 25, 3821, 10, 2, 904
1, 33, 63649, 19, 3954, 10, 1, 890
0, 43, 95516, 82, 3084, 1, 1, 159
0, 67, 18307, 74, 226, 8, 3, 264
0, 68, 32562, 100, 1767, 5, 3, 473
1, 66, 39581, 51, 2402, 7, 4, 569
0, 7, 58735, 93, 1658, 4, 1, 974
0, 77, 45957, 60, 2941, 6, 1, 200
0, 65, 98271, 95, 4887, 8, 3, 273
0, 68, 65426, 93, 2814, 2, 3, 635
1, 86, 82378, 96, 728, 8, 1, 433
0, 26, 15141, 35, 3912, 7, 2, 490
1, 10, 75799, 27, 1030, 9, 1, 410
0, 54, 45496, 43, 2224, 5, 2, 298
0, 62, 33550, 56, 2880, 4, 3, 723
0, 14, 82619, 58, 209, 2, 1, 790
1, 71, 26278, 94, 4346, 3, 4, 280
1, 51, 81570, 33, 2919, 8, 1, 923
1, 51, 44370, 75, 3834, 4, 3, 570
1, 100, 55329, 59, 3429, 5, 1, 233
1, 99, 66140, 70, 3971, 5, 2, 304
0, 69, 91529, 72, 1616, 7, 3, 215
0, 52, 90602, 13, 1753, 6, 2, 265
1, 83, 12463, 29, 4219, 8, 3, 678
0, 75, 66199, 21, 2611, 2, 2, 513
0, 18, 37896, 53, 4185, 4, 1, 9
0, 13, 77740, 87, 2304, 10, 2, 841
1, 48, 33358, 88, 1657, 2, 1, 949
0, 52, 99297, 84, 3472, 1, 2, 814
0, 100, 79264, 50, 3218, 1, 2, 628
0, 61, 57599, 32, 2212, 5, 1, 374
0, 82, 25192, 46, 3351, 8, 3, 946
1, 44, 59933, 85, 3413, 7, 2, 125
1, 47, 98033, 20, 1458, 7, 1, 245
0, 69, 13248, 75, 2994, 6, 1, 12
0, 69, 69795, 45, 3925, 9, 3, 622
1, 68, 68624, 92, 699, 2, 4, 320
0, 21, 82870, 98, 3908, 3, 3, 252
1, 36, 67712, 61, 1062, 9, 3, 829
1, 39, 81329, 44, 4710, 6, 3, 678
0, 79, 84174, 62, 3908, 4, 3, 626
1, 47, 12224, 53, 2555, 6, 1, 532
0, 73, 85411, 10, 3583, 4, 4, 630
1, 42, 56330, 83, 3671, 7, 3, 195
0, 20, 61606, 56, 2727, 8, 4, 497
1, 1, 19948, 58, 3809, 6, 2, 246
0, 93, 44087, 47, 607, 4, 4, 900
0, 91, 95397, 57, 904, 6, 1, 441
0, 42, 71035, 21, 3111, 3, 2, 988
0, 41, 48690, 20, 710, 7, 1, 635
1, 38, 52762, 96, 4570, 1, 3, 735
0, 90, 68309, 55, 3539, 8, 2, 17
0, 86, 20526, 62, 1782, 2, 3, 317
0, 56, 95911, 46, 1840, 3, 3, 324
1, 71, 18501, 72, 4843, 3, 2, 51
1, 51, 75205, 71, 2172, 10, 4, 643
1, 93, 61225, 58, 4, 7, 1, 724
1, 2, 74999, 29, 2225, 4, 3, 248
0, 3, 17265, 12, 8, 4, 1, 428
0, 38, 57367, 38, 3930, 6, 3, 846
1, 75, 45457, 17, 1861, 4, 3, 423
0, 25, 27540, 21, 3276, 8, 2, 314
1, 36, 22332, 99, 1974, 8, 1, 163
1, 51, 84142, 65, 3243, 8, 2, 197
0, 14, 65419, 73, 4818, 8, 3, 629
0, 66, 72388, 49, 144, 10, 4, 472
1, 46, 35896, 73, 4325, 2, 4, 589
0, 37, 73789, 73, 4841, 1, 1, 565
0, 15, 36272, 61, 1670, 9, 3, 912
1, 68, 14349, 67, 881, 10, 2, 544
1, 6, 37788, 81, 349, 10, 4, 145
0, 53, 28327, 35, 3339, 10, 1, 371
1, 95, 95937, 87, 4480, 10, 4, 895
1, 61, 32049, 67, 4822, 9, 4, 804
1, 93, 16517, 83, 4548, 5, 3, 129
1, 3, 82196, 55, 3468, 10, 2, 655
0, 34, 50085, 15, 1560, 6, 3, 241
0, 78, 33450, 34, 4817, 7, 1, 272
0, 1, 53486, 79, 2094, 3, 1, 927
0, 41, 13090, 58, 822, 9, 1, 609
0, 61, 93153, 52, 4081, 3, 4, 65
1, 70, 42044, 32, 1005, 5, 2, 669
0, 91, 50989, 36, 4319, 3, 4, 687
1, 26, 84518, 84, 1773, 7, 4, 648
1, 34, 74144, 50, 875, 5, 1, 211
0, 69, 63979, 41, 3082, 5, 2, 817
0, 79, 47242, 54, 2707, 5, 3, 531
0, 98, 78642, 81, 2513, 3, 1, 41
1, 85, 52586, 86, 1343, 4, 4, 409
0, 64, 92641, 82, 3644, 1, 3, 971
1, 64, 44533, 66, 1297, 8, 1, 273
0, 77, 62812, 47, 243, 8, 4, 785
1, 9, 69587, 46, 911, 9, 2, 11
0, 20, 84962, 63, 1901, 6, 2, 830
1, 27, 83754, 80, 4912, 8, 1, 505
1, 62, 11152, 98, 3837, 5, 3, 949
1, 66, 57083, 22, 4063, 2, 2, 895
1, 59, 11260, 28, 519, 8, 4, 110
0, 32, 58922, 99, 1820, 4, 4, 821
1, 50, 46514, 62, 2721, 3, 2, 95
1, 4, 10327, 93, 2087, 3, 2, 445
1, 84, 65582, 65, 1579, 5, 2, 329
0, 42, 92282, 36, 3569, 8, 1, 43
0, 72, 73564, 79, 1113, 6, 2, 514
0, 42, 46637, 91, 2058, 6, 3, 188
0, 88, 81323, 55, 4122, 8, 4, 546
1, 26, 62066, 95, 4766, 6, 4, 315
1, 66, 69664, 50, 3546, 7, 3, 354
0, 42, 27522, 58, 2544, 3, 1, 744
1, 76, 40488, 89, 2381, 4, 1, 254
0, 60, 87550, 61, 1114, 7, 2, 834
1, 71, 52119, 60, 1515, 1, 3, 596
1, 1, 52818, 50, 1415, 10, 2, 500
1, 21, 75845, 99, 3564, 1, 2, 589
1, 53, 59154, 25, 292, 10, 4, 339
0, 84, 58200, 27, 4810, 2, 3, 255
0, 75, 65321, 60, 1414, 7, 1, 334
1, 35, 88863, 32, 3910, 5, 2, 736
1, 64, 89915, 55, 1041, 6, 4, 997
1, 47, 34792, 90, 3184, 6, 2, 884
0, 84, 48314, 78, 2702, 3, 4, 453
1, 21, 60128, 61, 1221, 5, 3, 940
0, 99, 35272, 40, 4782, 1, 3, 602
1, 56, 21372, 79, 4534, 1, 4, 294
1, 52, 51331, 27, 3307, 9, 4, 783
0, 56, 87115, 65, 1740, 8, 2, 1
1, 25, 83263, 35, 3852, 2, 2, 430
0, 2, 15521, 58, 2044, 10, 3, 208
1, 76, 28721, 51, 1915, 3, 2, 854
0, 61, 77070, 96, 1676, 8, 2, 623
0, 76, 67175, 57, 1494, 7, 1, 50
1, 55, 39523, 22, 1016, 9, 1, 861
1, 83, 19655, 52, 4136, 3, 2, 898
0, 82, 99127, 52, 3898, 1, 2, 27
1, 92, 99606, 10, 32, 1, 3, 308
0, 42, 13331, 70, 473, 7, 4, 251
0, 5, 25663, 22, 2544, 1, 4, 731
1, 22, 65084, 60, 854, 6, 4, 282
0, 35, 29420, 51, 719, 6, 2, 384
0, 38, 39862, 70, 3812, 2, 2, 588
0, 93, 56575, 78, 720, 9, 1, 808
1, 83, 36807, 38, 2576, 2, 1, 698
0, 82, 27858, 35, 1760, 10, 3, 907
0, 33, 34521, 90, 1336, 8, 1, 377
1, 100, 83218, 39, 295, 7, 1, 187
0, 72, 58874, 87, 2545, 8, 4, 671
1, 28, 21489, 14, 3917, 5, 3, 273
1, 35, 39778, 18, 3589, 8, 4, 522
1, 18, 88923, 27, 3998, 7, 4, 581
1, 53, 89231, 73, 2416, 2, 4, 908
0, 46, 47319, 85, 1947, 10, 3, 736
1, 69, 68815, 78, 1653, 10, 4, 436
0, 38, 49852, 92, 3162, 4, 1, 392
0, 29, 80766, 98, 2384, 2, 4, 867
0, 12, 50941, 67, 4063, 9, 1, 221
1, 72, 20505, 82, 1001, 8, 4, 50
1, 73, 78346, 79, 4468, 3, 4, 219
1, 18, 73523, 19, 3748, 5, 1, 141
1, 2, 43707, 23, 143, 5, 2, 636
1, 57, 88906, 53, 2567, 10, 4, 285
0, 95, 41312, 63, 4706, 10, 2, 568
0, 96, 91622, 95, 2052, 10, 2, 135
0, 37, 91949, 18, 1510, 2, 4, 225
1, 60, 89168, 35, 3495, 1, 1, 748
0, 64, 52568, 53, 4529, 8, 2, 71
0, 24, 18915, 86, 547, 8, 2, 629
0, 21, 53875, 32, 2847, 1, 4, 94
0, 11, 37956, 39, 2307, 7, 1, 426
1, 87, 15495, 18, 3161, 5, 3, 717
0, 28, 42026, 67, 3956, 1, 2, 450
0, 10, 41463, 13, 1412, 7, 2, 519
1, 78, 36613, 46, 1282, 5, 4, 731
1, 54, 74457, 24, 563, 7, 2, 466
0, 83, 36520, 50, 1164, 9, 3, 579
1, 10, 29245, 51, 4099, 7, 2, 211
1, 5, 12019, 32, 2646, 3, 1, 338
1, 86, 32136, 28, 2050, 5, 4, 81
0, 66, 97612, 49, 845, 6, 2, 61
0, 80, 69456, 12, 413, 7, 2, 129
1, 22, 79648, 74, 860, 5, 2, 975
0, 98, 11342, 97, 1680, 9, 3, 772
0, 13, 97497, 34, 4544, 6, 3, 486
0, 22, 72120, 89, 918, 4, 4, 957
1, 52, 62505, 13, 3367, 2, 2, 242
0, 1, 76867, 98, 1666, 6, 4, 660
1, 16, 13698, 43, 2611, 1, 1, 157
0, 37, 50771, 27, 1120, 6, 2, 230
1, 33, 65712, 36, 2760, 1, 1, 69
0, 95, 13364, 27, 3527, 3, 4, 432
1, 100, 88275, 25, 2851, 2, 3, 663
0, 19, 65595, 61, 2549, 8, 3, 315
0, 63, 18922, 67, 2425, 5, 1, 834
1, 100, 81773, 48, 2047, 4, 2, 812
1, 96, 57287, 57, 2416, 10, 4, 586
0, 52, 29941, 89, 1456, 1, 4, 535
0, 16, 64481, 17, 2296, 8, 3, 539
1, 8, 48799, 95, 594, 10, 2, 893
1, 98, 98025, 32, 646, 3, 2, 506
0, 43, 15363, 70, 592, 1, 3, 156
0, 9, 69328, 23, 4377, 9, 4, 624
1, 59, 24897, 74, 447, 7, 2, 572
1, 1, 88488, 96, 896, 2, 1, 664
0, 100, 11212, 43, 471, 10, 2, 853
1, 52, 64170, 54, 2001, 9, 2, 73
0, 43, 37754, 18, 3532, 6, 1, 597
1, 65, 40184, 47, 2623, 7, 1, 166
1, 28, 44973, 76, 1443, 3, 2, 671
1, 30, 46351, 59, 836, 8, 4, 222
1, 54, 45357, 32, 1799, 2, 1, 286
0, 45, 13445, 28, 47, 7, 3, 581
0, 94, 28274, 64, 2359, 3, 2, 79
0, 51, 58454, 81, 4911, 6, 2, 928
0, 28, 68290, 10, 3401, 6, 4, 221
0, 8, 86052, 47, 41, 2, 2, 989
1, 75, 16502, 70, 1419, 7, 2, 338
1, 21, 19004, 14, 2315, 3, 2, 247
0, 58, 75773, 99, 2804, 4, 3, 955
0, 93, 50485, 81, 3844, 3, 4, 473
1, 95, 95040, 71, 4055, 7, 1, 851
1, 54, 94455, 86, 4072, 2, 1, 712
1, 62, 54342, 55, 754, 4, 1, 931
1, 21, 71591, 12, 1984, 6, 3, 233
0, 34, 33537, 16, 1649, 8, 2, 941
1, 100, 16899, 58, 457, 9, 2, 449
1, 89, 92944, 23, 4330, 7, 4, 801
1, 69, 10090, 53, 257, 1, 3, 256
0, 4, 76294, 45, 2545, 7, 2, 535
1, 67, 43879, 51, 1635, 9, 3, 319
0, 26, 11566, 25, 1455, 2, 4, 190
0, 46, 17838, 69, 1057, 1, 4, 306
0, 18, 20016, 74, 3861, 8, 2, 692
0, 90, 83636, 22, 4281, 5, 3, 654
0, 96, 25629, 48, 3691, 7, 3, 378
1, 81, 57583, 40, 1697, 9, 2, 743
0, 92, 44610, 26, 302, 4, 3, 710
1, 15, 40578, 54, 2193, 7, 1, 35
0, 59, 40728, 81, 3861, 4, 4, 392
0, 95, 57958, 89, 4445, 9, 4, 98
1, 60, 63868, 34, 2744, 6, 4, 620
0, 29, 41553, 54, 3733, 5, 2, 871
0, 86, 32587, 42, 2702, 10, 3, 119
1, 24, 37234, 41, 2360, 2, 1, 645
0, 63, 18556, 62, 904, 3, 2, 827
0, 96, 16629, 26, 4584, 2, 3, 587
0, 57, 30087, 41, 4972, 2, 2, 33
0, 23, 28705, 33, 1502, 5, 2, 655
1, 55, 53272, 48, 878, 2, 3, 857
0, 76, 26227, 51, 2438, 7, 4, 894
0, 9, 53518, 99, 1469, 7, 4, 86
1, 91, 71720, 87, 4934, 2, 1, 275
0, 29, 57341, 10, 3646, 6, 3, 109
1, 50, 54771, 75, 4811, 3, 2, 145
1, 82, 99497, 84, 3457, 5, 3, 86
1, 24, 21730, 36, 802, 3, 3, 119
1, 78, 79544, 49, 987, 1, 4, 54
0, 7, 74583, 57, 1797, 8, 4, 139
1, 68, 42182, 76, 969, 10, 1, 46
0, 90, 38849, 27, 413, 5, 2, 566
0, 93, 56378, 15, 1649, 8, 4, 125
1, 39, 44667, 48, 1986, 9, 3, 673
1, 93, 75599, 40, 4885, 9, 3, 62
1, 48, 25505, 38, 1715, 3, 4, 494
1, 10, 40227, 53, 3659, 9, 2, 322
1, 85, 78685, 28, 488, 3, 1, 28
0, 35, 59282, 88, 1270, 4, 1, 489
1, 75, 73467, 35, 1887, 10, 1, 764
0, 78, 56572, 58, 2813, 9, 1, 797
0, 75, 70507, 19, 4107, 1, 2, 891
1, 19, 37249, 95, 2088, 7, 4, 252
0, 80, 75777, 49, 3164, 10, 3, 376
0, 99, 82115, 84, 1190, 2, 1, 926
1, 11, 84286, 18, 4434, 9, 2, 181
0, 60, 78838, 52, 4152, 7, 1, 689
0, 20, 45484, 40, 1841, 7, 2, 161
1, 70, 45574, 90, 1197, 10, 1, 710
1, 74, 32093, 16, 2763, 6, 4, 867
0, 85, 72501, 30, 3366, 5, 3, 842
1, 99, 88625, 14, 2080, 3, 2, 880
1, 34, 10520, 12, 79, 2, 1, 486
0, 93, 38021, 22, 3313, 6, 3, 302
0, 65, 61762, 41, 2105, 9, 1, 752
1, 27, 63476, 10, 2812, 3, 3, 443
0, 44, 71780, 75, 1759, 6, 3, 320
1, 15, 75282, 58, 2859, 7, 4, 181
0, 77, 53155, 58, 1929, 10, 3, 268
1, 69, 86928, 47, 4241, 1, 3, 129
0, 18, 96616, 96, 1984, 3, 4, 627
0, 36, 86252, 19, 4935, 10, 2, 55
1, 14, 93032, 62, 2599, 6, 1, 739
0, 89, 75054, 36, 2944, 10, 1, 961
0, 87, 93727, 64, 2137, 9, 1, 859
0, 75, 70398, 85, 3173, 5, 4, 146
1, 5, 75079, 16, 3837, 6, 4, 31
0, 18, 19610, 83, 3126, 7, 4, 303
1, 44, 33781, 90, 4325, 10, 1, 524
1, 12, 72076, 24, 2369, 6, 4, 265
1, 96, 95199, 51, 4287, 9, 2, 746
1, 77, 87405, 33, 246, 5, 4, 975
1, 84, 66096, 66, 3887, 8, 2, 845
0, 82, 81904, 50, 1836, 2, 2, 73
0, 20, 14151, 18, 3188, 4, 1, 168
1, 25, 88509, 19, 3571, 5, 2, 732
0, 21, 51334, 42, 902, 2, 3, 748
0, 30, 55121, 100, 565, 5, 4, 453
0, 60, 49518, 29, 2669, 4, 1, 231
1, 37, 99933, 68, 378, 8, 4, 596
1, 75, 80826, 71, 1799, 2, 4, 995
1, 67, 28515, 50, 710, 2, 3, 748
1, 32, 74576, 30, 4082, 10, 4, 408
0, 71, 54053, 35, 967, 1, 4, 743
1, 3, 77984, 54, 2604, 4, 1, 359
0, 55, 20876, 57, 3216, 8, 4, 871
0, 13, 21526, 24, 3076, 5, 3, 288
1, 3, 32571, 26, 1918, 4, 1, 279
0, 2, 26242, 16, 734, 10, 3, 727
1, 88, 80449, 52, 1947, 10, 3, 741
1, 65, 32243, 100, 4301, 6, 2, 661
1, 25, 44908, 58, 4061, 8, 3, 840
0, 54, 69855, 60, 3002, 4, 1, 322
1, 95, 71260, 85, 1157, 8, 2, 871
1, 11, 42611, 62, 2912, 1, 2, 391
0, 25, 97853, 16, 315, 2, 4, 155
1, 100, 67314, 47, 3091, 6, 1, 923
0, 11, 46371, 83, 3456, 10, 4, 300
0, 19, 81130, 19, 1755, 8, 4, 996
0, 46, 86715, 83, 2284, 5, 3, 408
1, 35, 22396, 16, 1460, 4, 2, 210
0, 41, 74495, 37, 2585, 5, 2, 894
0, 31, 12931, 97, 1629, 9, 1, 701
1, 99, 44597, 56, 26, 1, 2, 356
1, 6, 76553, 42, 2090, 7, 1, 258
1, 31, 86137, 68, 4259, 7, 3, 574
0, 78, 55437, 78, 2119, 1, 3, 607
1, 28, 34409, 31, 650, 10, 4, 788
1, 64, 29975, 90, 1997, 8, 3, 234
1, 71, 70736, 31, 4619, 1, 1, 866
0, 90, 93599, 56, 798, 10, 1, 196
0, 33, 96681, 53, 4382, 2, 2, 15
1, 24, 82560, 32, 3473, 9, 1, 944
0, 76, 73652, 18, 2810, 10, 1, 727
1, 18, 89069, 46, 2136, 6, 2, 572
0, 35, 46038, 81, 3699, 6, 2, 241
1, 68, 60277, 27, 3024, 4, 1, 599
0, 30, 66545, 68, 1408, 2, 4, 308
0, 46, 60960, 87, 1749, 1, 3, 898
1, 66, 78151, 79, 4869, 2, 3, 16
0, 86, 18201, 85, 257, 7, 1, 230
1, 79, 58357, 75, 3892, 7, 4, 710
0, 9, 94364, 54, 342, 3, 1, 569
1, 55, 17515, 56, 1915, 1, 4, 854
0, 76, 58386, 75, 1942, 3, 1, 526
0, 63, 21490, 100, 904, 10, 2, 35
0, 10, 22890, 15, 918, 4, 1, 170
1, 5, 39468, 38, 485, 1, 2, 239
0, 88, 29955, 83, 3593, 5, 2, 318
1, 56, 50836, 46, 3206, 1, 4, 122
0, 1, 84793, 93, 2362, 10, 4, 25
0, 8, 92478, 30, 2154, 5, 3, 938
0, 5, 77112, 60, 895, 9, 3, 230
0, 60, 89911, 13, 1358, 5, 4, 221
1, 33, 75992, 49, 514, 2, 4, 657
0, 47, 55849, 21, 639, 9, 1, 682
0, 98, 13951, 68, 4946, 8, 1, 930
0, 19, 54606, 62, 1309, 4, 1, 887
1, 25, 33881, 34, 67, 4, 1, 487
0, 92, 22024, 28, 4316, 10, 1, 835
1, 91, 62930, 82, 4237, 2, 4, 105
1, 5, 47848, 42, 2487, 6, 1, 254
1, 19, 81167, 79, 2548, 8, 2, 831
1, 81, 30734, 40, 752, 6, 3, 258
1, 92, 63224, 86, 105, 3, 2, 320
0, 96, 50363, 48, 2947, 2, 3, 428
0, 41, 69992, 63, 3434, 5, 3, 899
0, 67, 90629, 13, 1138, 2, 3, 635
1, 24, 18264, 50, 1019, 3, 2, 273
1, 51, 85401, 100, 1572, 4, 2, 512
1, 56, 91557, 92, 2301, 9, 2, 614
0, 46, 45580, 40, 4021, 9, 1, 12
1, 21, 84060, 89, 2914, 6, 4, 176
0, 7, 20583, 51, 2553, 6, 3, 406
1, 19, 72231, 50, 1815, 2, 1, 854
0, 53, 90014, 12, 2515, 10, 2, 38
1, 29, 14994, 35, 3466, 10, 1, 347
1, 54, 18522, 21, 4834, 3, 4, 855
0, 18, 53934, 91, 2729, 1, 3, 468
0, 25, 36567, 18, 1059, 1, 1, 534
1, 80, 38365, 51, 4622, 3, 4, 111
1, 30, 93425, 29, 598, 7, 1, 941
1, 87, 44059, 45, 2548, 2, 2, 737
0, 43, 27956, 25, 1659, 8, 2, 493
0, 96, 24905, 42, 4777, 10, 2, 656
1, 43, 47364, 77, 3500, 4, 3, 235
1, 75, 25344, 75, 2683, 8, 2, 689
1, 16, 31973, 34, 2716, 10, 1, 706
1, 59, 47040, 42, 632, 6, 1, 805
0, 77, 62589, 79, 1188, 10, 1, 277
1, 78, 18082, 40, 1079, 10, 4, 203
0, 55, 43895, 68, 2899, 5, 2, 571
0, 9, 87759, 85, 1934, 4, 1, 593
0, 17, 56099, 10, 268, 5, 4, 762
0, 83, 13823, 12, 4474, 9, 3, 379
1, 76, 14482, 46, 2326, 1, 1, 616
0, 90, 14200, 46, 3382, 5, 1, 681
1, 9, 49497, 62, 972, 9, 4, 134
0, 23, 69387, 68, 2, 10, 3, 389
0, 28, 93158, 66, 3388, 7, 3, 18
1, 70, 76008, 31, 1087, 6, 3, 494
0, 45, 43892, 98, 3770, 10, 1, 865
1, 55, 16633, 54, 2943, 9, 1, 670
0, 62, 97551, 97, 3712, 1, 3, 174
0, 92, 25777, 47, 1854, 1, 2, 85
1, 35, 90708, 98, 2830, 2, 1, 870
0, 77, 85770, 52, 4211, 1, 1, 452
1, 41, 42334, 25, 1679, 8, 3, 415
1, 83, 80745, 57, 4785, 10, 3, 83
1, 71, 63703, 60, 3229, 1, 3, 3
1, 55, 78521, 63, 3606, 3, 2, 315
0, 27, 94032, 87, 3231, 6, 2, 133
1, 58, 68039, 23, 1815, 2, 2, 823
1, 51, 62171, 26, 2577, 5, 2, 98
0, 73, 11984, 77, 2524, 10, 2, 697
0, 9, 79273, 92, 2470, 3, 2, 765
0, 42, 65442, 72, 2174, 3, 3, 32
0, 90, 76893, 74, 2271, 2, 1, 648
1, 99, 16012, 43, 2005, 6, 2, 768
0, 48, 60574, 80, 3578, 4, 1, 79
1, 40, 72514, 24, 4714, 6, 4, 361
0, 50, 38859, 74, 3872, 4, 3, 743
1, 82, 43610, 56, 4404, 9, 3, 846
1, 8, 92924, 85, 3001, 6, 2, 852
0, 52, 81124, 50, 3177, 3, 1, 729
0, 79, 28259, 36, 3656, 10, 2, 436
1, 15, 54720, 82, 983, 2, 3, 153
0, 85, 30898, 64, 4545, 10, 1, 140
0, 22, 89394, 100, 1513, 7, 3, 364
1, 43, 22653, 60, 4990, 4, 2, 575
0, 9, 99615, 44, 2243, 7, 4, 139
1, 40, 31417, 95, 4601, 5, 2, 825
1, 98, 47579, 60, 4364, 6, 3, 796
0, 77, 79577, 31, 239, 7, 4, 580
1, 36, 86477, 57, 4813, 5, 2, 350
0, 56, 83399, 22, 133, 10, 3, 753
1, 85, 45739, 85, 4800, 8, 1, 792
1, 55, 55156, 13, 1848, 6, 2, 359
1, 87, 76083, 15, 582, 5, 4, 869
1, 7, 59162, 66, 4258, 6, 3, 81
1, 34, 11442, 63, 4978, 7, 2, 361
0, 26, 33967, 31, 385, 5, 1, 363
0, 27, 94534, 35, 2877, 4, 2, 212
1, 72, 35242, 41, 2668, 7, 2, 203
1, 65, 40812, 99, 1162, 6, 2, 699
0, 90, 96666, 73, 1052, 3, 3, 969
0, 54, 70571, 65, 303, 7, 4, 123
0, 75, 13904, 86, 1472, 10, 2, 217
0, 96, 31908, 100, 2572, 7, 1, 854
0, 60, 45974, 87, 2833, 1, 3, 439
0, 51, 79766, 84, 2360, 6, 2, 269
0, 31, 30108, 10, 2930, 7, 2, 62
0, 7, 94825, 39, 2577, 8, 2, 374
0, 73, 64960, 13, 1373, 6, 2, 518
1, 33, 63257, 40, 320, 2, 1, 939
1, 61, 98599, 50, 282, 8, 3, 11
1, 39, 89215, 67, 4330, 5, 3, 198
0, 84, 50656, 69, 801, 6, 1, 984
0, 28, 87122, 98, 1352, 9, 2, 625
1, 48, 17544, 80, 299, 5, 1, 847
0, 79, 40279, 41, 1657, 2, 4, 639
1, 37, 68690, 53, 1666, 9, 4, 934
1, 28, 54278, 30, 3681, 3, 4, 257
0, 7, 11530, 84, 3202, 9, 3, 4
1, 78, 40126, 78, 3668, 7, 3, 894
1, 5, 28703, 58, 272, 9, 1, 147
0, 77, 92374, 36, 3166, 10, 2, 948
1, 4, 86571, 27, 1360, 5, 4, 906
0, 79, 91272, 63, 3745, 7, 1, 945
0, 40, 65409, 10, 3791, 1, 3, 278
1, 23, 79275, 96, 2248, 6, 2, 251
0, 59, 48575, 19, 3104, 6, 3, 816
1, 71, 98651, 88, 3606, 10, 2, 809
0, 28, 35226, 19, 2047, 6, 4, 232
0, 45, 60448, 94, 1146, 6, 4, 464
1, 4, 40554, 11, 1049, 3, 2, 890
0, 13, 62819, 96, 4060, 2, 1, 791
1, 88, 60836, 94, 133, 5, 3, 91
1, 80, 21141, 93, 15, 2, 2, 33
1, 25, 99604, 78, 4337, 6, 1, 698
0, 84, 45579, 94, 2042, 5, 3, 276
1, 19, 80704, 77, 658, 9, 4, 17
1, 79, 70602, 60, 802, 6, 4, 347
1, 72, 96896, 83, 1531, 4, 3, 826
1, 61, 53068, 100, 2659, 2, 1, 277
0, 31, 54322, 25, 3215, 4, 4, 539
1, 14, 99266, 89, 3042, 6, 4, 335
1, 59, 76996, 99, 953, 9, 4, 331
0, 20, 95854, 74, 2759, 4, 2, 964
1, 40, 69131, 32, 397, 8, 2, 61
0, 41, 12082, 79, 2561, 3, 1, 642
1, 14, 18702, 60, 4795, 8, 4, 799
0, 90, 37916, 77, 4928, 2, 4, 589
0, 46, 93290, 16, 2678, 8, 2, 384
1, 48, 51474, 70, 292, 8, 4, 942
0, 31, 39706, 14, 1506, 2, 4, 981
0, 58, 11400, 44, 4820, 7, 4, 56
1, 66, 80392, 73, 307, 3, 2, 719
1, 53, 82188, 21, 1623, 5, 1, 270
0, 76, 56872, 76, 264, 10, 2, 880
0, 90, 63501, 81, 1310, 5, 3, 245
0, 71, 28828, 70, 993, 5, 2, 61
0, 45, 30889, 15, 2504, 5, 2, 289
1, 24, 80521, 41, 1197, 4, 4, 337
0, 41, 55241, 67, 2438, 1, 1, 617
0, 75, 60012, 40, 4898, 10, 4, 464
1, 7, 30601, 63, 2337, 1, 2, 768
0, 43, 70327, 91, 101, 2, 1, 354
1, 61, 21977, 70, 3593, 5, 4, 861
1, 43, 13468, 50, 1256, 10, 4, 714
1, 59, 47951, 37, 2492, 4, 3, 932
1, 24, 84909, 16, 4875, 4, 1, 564
0, 70, 45391, 66, 4537, 10, 2, 431
1, 23, 57960, 78, 3107, 3, 1, 106
1, 35, 52871, 50, 3061, 1, 4, 964
1, 81, 52784, 91, 745, 6, 3, 516
1, 85, 77519, 50, 3272, 8, 4, 25
1, 68, 21815, 21, 3122, 7, 1, 638
1, 34, 13686, 79, 2556, 10, 3, 608
0, 71, 93305, 14, 2629, 8, 4, 667
1, 22, 51897, 30, 3902, 2, 2, 399
0, 34, 99296, 18, 4304, 3, 1, 116
0, 77, 19472, 22, 4312, 9, 1, 18
1, 37, 69191, 27, 3459, 5, 2, 781
1, 20, 29090, 17, 1174, 3, 2, 187
0, 64, 63635, 17, 1440, 4, 3, 27
0, 98, 20384, 96, 460, 5, 3, 991
0, 65, 78897, 29, 1612, 3, 4, 318
0, 98, 21072, 30, 1848, 2, 1, 907
1, 53, 62872, 57, 2583, 8, 1, 893
1, 5, 62072, 57, 2300, 3, 3, 232
1, 13, 74301, 78, 1485, 10, 4, 700
0, 45, 61028, 100, 2658, 4, 1, 563
