0, 41, 18444, 83, 935, 5, 4, 654
1, 43, 40985, 82, 3273, 6, 1, 746
0, 16, 80803, 26, 1936, 6, 2, 119
1, 12, 80833, 11, 1978, 10, 4, 943
1, 46, 89658, 31, 4914, 2, 1, 588
1, 51, 58486, 38, 4678, 6, 4, 950
1, 94, 96864, 53, 4005, 9, 4, 367
0, 10, 39053, 61, 3854, 6, 2, 753
1, 71, 70165, 40, 1106, 2, 4, 411
1, 38, 28050, 16, 2602, 1, 4, 554
1, 92, 17932, 66, 4849, 8, 2, 849
0, 79, 99690, 13, 3780, 10, 1, 982
0, 11, 77147, 18, 1700, 8, 2, 203
0, 86, 19235, 21, 1127, 5, 4, 232
0, 67, 60775, 81, 2368, 3, 2, 469
1, 47, 37530, 31, 4578, 10, 2, 901
0, 75, 50356, 48, 428, 4, 2, 521
0, 4, 14147, 56, 235, 7, 4, 216
0, 81, 69369, 57, 2727, 3, 3, 204
0, 92, 23054, 74, 3151, 4, 4, 479
1, 68, 80299, 87, 271, 4, 3, 641
1, 26, 23997, 13, 928, 5, 3, 638
0, 29, 54206, 38, 1623, 6, 3, 898
0, 55, 50489, 90, 4839, 3, 1, 75
0, 81, 26834, 60, 1159, 4, 3, 15
1, 85, 32005, 26, 1387, 5, 2, 426
1, 31, 71602, 17, 2629, 6, 3, 810
0, 58, 76027, 52, 1868, 5, 4, 803
0, 99, 57322, 97, 4608, 7, 4, 365
1, 63, 16285, 61, 4353, 1, 4, 17
1, 96, 57108, 20, 1989, 7, 2, 510
0, 20, 40768, 62, 1331, 7, 3, 230
0, 14, 12290, 81, 3460, 7, 2, 195
0, 39, 75903, 13, 3166, 6, 4, 290
0, 19, 15127, 96, 4341, 8, 2, 925
0, 18, 10516, 27, 3221, 5, 1, 311
0, 51, 97690, 94, 1691, 2, 4, 170
1, 31, 15921, 91, 3564, 4, 4, 657
0, 38, 31809, 77, 4172, 5, 1, 410
0, 27, 34573, 88, 3595, 8, 4, 127
1, 62, 50632, 80, 3554, 7, 3, 957
0, 98, 36653, 39, 371, 1, 1, 975
0, 87, 56346, 41, 1481, 3, 4, 879
0, 93, 60681, 81, 1305, 9, 3, 668
0, 43, 27535, 48, 2103, 4, 2, 983
0, 3, 79281, 88, 4845, 3, 3, 729
1, 51, 23634, 65, 3061, 7, 3, 339
0, 33, 52361, 95, 4684, 4, 4, 806
0, 24, 69928, 18, 3232, 6, 2, 74
0, 19, 73863, 86, 2900, 3, 2, 793
0, 59, 12336, 75, 1697, 1, 2, 895
0, 65, 18094, 85, 3954, 7, 4, 945
0, 36, 87264, 85, 2134, 2, 1, 694
1, 87, 71868, 21, 2156, 2, 2, 411
0, 47, 42186, 61, 991, 7, 3, 246
1, 39, 90952, 85, 4734, 9, 4, 924
1, 9, 45866, 58, 3714, 5, 4, 926
1, 100, 20122, 11, 1829, 8, 1, 736
1, 28, 15757, 24, 3593, 7, 2, 564
1, 48, 39930, 100, 4008, 10, 3, 110
1, 55, 18032, 31, 677, 10, 4, 374
0, 75, 46875, 72, 462, 2, 1, 943
0, 10, 77217, 23, 731, 3, 4, 371
1, 9, 84762, 13, 4094, 7, 3, 629
0, 76, 70642, 88, 253, 3, 1, 944
1, 69, 62575, 85, 3980, 7, 3, 286
0, 23, 59346, 93, 4540, 5, 3, 420
1, 86, 52977, 14, 1381, 1, 1, 36
0, 40, 62850, 39, 4757, 6, 4, 269
1, 67, 29784, 28, 1104, 3, 1, 995
0, 29, 42278, 35, 1397, 9, 2, 375
1, 14, 13787, 24, 1596, 5, 4, 960
1, 36, 43735, 37, 1592, 8, 3, 121
1, 39, 94920, 63, 3871, 3, 4, 862
1, 55, 45210, 48, 2350, 9, 4, 192
0, 66, 87955, 63, 3803, 7, 2, 963
0, 88, 74117, 29, 796, 6, 3, 73
0, 18, 28998, 38, 822, 3, 4, 845
0, 16, 71913, 44, 1692, 7, 1, 414
1, 89, 75876, 51, 962, 3, 2, 873
0, 59, 42381, 16, 2423, 4, 2, 556
1, 72, 87066, 24, 3008, 10, 1, 310
0, 47, 88634, 20, 2983, 10, 2, 903
1, 91, 42557, 38, 4467, 4, 1, 589
0, 20, 90579, 29, 3084, 4, 4, 438
0, 29, 58937, 88, 529, 3, 3, 136
0, 8, 13247, 87, 2634, 5, 2, 449
1, 14, 42571, 48, 369, 9, 1, 353
1, 80, 18979, 66, 2187, 7, 4, 479
0, 71, 24819, 21, 1002, 1, 1, 523
1, 12, 82474, 71, 2464, 10, 4, 962
0, 67, 98532, 66, 2917, 5, 2, 569
1, 47, 89546, 60, 2723, 2, 3, 497
1, 39, 88960, 34, 2567, 4, 4, 31
0, 82, 35481, 50, 2367, 8, 3, 83
1, 85, 39244, 97, 3674, 2, 1, 703
0, 26, 89968, 24, 435, 9, 3, 982
0, 74, 40681, 65, 2036, 10, 2, 71
1, 26, 26377, 20, 1660, 8, 2, 747
0, 49, 51565, 61, 130, 8, 4, 801
1, 65, 48544, 52, 2001, 5, 4, 182
1, 2, 10833, 52, 2016, 9, 3, 531
1, 74, 72471, 75, 2290, 8, 4, 658
1, 81, 13396, 64, 1678, 3, 3, 764
0, 68, 80226, 10, 2038, 8, 4, 770
0, 87, 58756, 80, 3562, 4, 4, 358
1, 11, 80275, 24, 1096, 6, 4, 454
1, 87, 24275, 42, 864, 8, 2, 504
1, 53, 57722, 63, 2051, 9, 2, 25
0, 83, 20872, 69, 4715, 8, 4, 207
1, 74, 84352, 91, 4261, 9, 3, 967
1, 31, 14242, 25, 2588, 5, 3, 623
1, 15, 89412, 96, 4524, 2, 1, 262
1, 82, 64468, 23, 132, 8, 4, 585
0, 32, 87469, 65, 1199, 3, 3, 680
0, 53, 24957, 12, 1371, 10, 2, 206
0, 89, 87090, 40, 3451, 8, 1, 654
1, 41, 84840, 97, 1164, 6, 2, 135
0, 51, 42547, 33, 1403, 10, 3, 237
1, 54, 88051, 19, 3865, 2, 3, 116
0, 42, 28491, 20, 1765, 10, 2, 671
0, 56, 89639, 15, 2110, 3, 4, 597
1, 71, 98780, 93, 2737, 6, 4, 911
0, 74, 73999, 77, 4688, 10, 4, 818
1, 88, 37035, 93, 2367, 9, 1, 409
1, 34, 36931, 43, 3180, 5, 2, 26
0, 61, 99914, 16, 993, 10, 2, 715
1, 57, 76557, 41, 3946, 1, 3, 465
1, 43, 46418, 79, 1530, 8, 4, 898
1, 96, 64886, 16, 1041, 4, 1, 677
0, 91, 17826, 31, 3404, 2, 3, 501
0, 15, 27808, 25, 3375, 1, 1, 558
1, 92, 20543, 39, 1286, 9, 1, 287
0, 36, 86964, 20, 4501, 6, 3, 196
0, 38, 74860, 44, 1, 4, 4, 231
0, 28, 43022, 52, 2818, 7, 2, 767
1, 95, 36063, 97, 1058, 6, 3, 258
1, 83, 74877, 34, 4076, 7, 4, 675
1, 98, 40944, 91, 2698, 5, 1, 496
0, 41, 83874, 56, 796, 7, 1, 663
0, 67, 63335, 93, 2460, 6, 4, 858
1, 39, 25530, 100, 2375, 8, 1, 616
0, 1, 73765, 96, 3914, 6, 2, 979
1, 3, 85956, 36, 3609, 2, 3, 956
1, 92, 20145, 29, 4359, 4, 1, 405
0, 94, 45945, 88, 535, 3, 2, 27
1, 74, 26116, 41, 254, 7, 3, 910
0, 98, 76985, 40, 1777, 10, 4, 482
1, 18, 95050, 22, 4643, 8, 3, 956
1, 62, 66463, 90, 431, 9, 1, 474
1, 45, 91343, 41, 1046, 4, 2, 303
0, 87, 18558, 88, 4531, 8, 2, 672
1, 73, 99482, 31, 642, 10, 1, 419
0, 65, 22267, 23, 2038, 3, 3, 661
1, 67, 60515, 86, 2902, 9, 4, 301
1, 91, 98715, 97, 3774, 9, 4, 38
0, 98, 97731, 72, 2918, 4, 3, 738
1, 57, 61443, 73, 4646, 2, 4, 875
0, 69, 60493, 78, 4437, 5, 3, 313
0, 54, 11712, 55, 3335, 6, 4, 585
0, 95, 65526, 61, 2349, 2, 3, 171
0, 87, 63139, 70, 4308, 1, 3, 602
0, 53, 54640, 29, 3586, 6, 4, 774
1, 77, 65797, 70, 464, 1, 3, 173
1, 23, 33809, 11, 3161, 6, 1, 487
1, 24, 76610, 17, 4570, 1, 4, 240
0, 93, 82575, 43, 1969, 4, 2, 666
1, 84, 92110, 73, 222, 4, 1, 334
1, 85, 84389, 32, 3659, 9, 3, 315
0, 100, 62632, 25, 1767, 9, 1, 203
1, 13, 80172, 39, 1387, 9, 2, 536
0, 36, 15667, 88, 1319, 9, 3, 341
1, 99, 64966, 15, 1154, 8, 1, 404
1, 13, 46212, 68, 207, 8, 2, 385
1, 31, 52576, 56, 1423, 5, 1, 237
0, 47, 52162, 99, 4043, 4, 3, 515
1, 23, 85902, 67, 3816, 7, 3, 415
1, 15, 90665, 51, 3968, 1, 3, 698
0, 76, 19907, 34, 2147, 8, 3, 840
1, 20, 24137, 35, 2215, 8, 4, 133
0, 39, 10138, 53, 445, 3, 2, 677
0, 44, 55765, 17, 90, 1, 3, 369
0, 48, 87076, 30, 4635, 2, 3, 451
1, 94, 91043, 65, 3178, 3, 2, 187
0, 37, 81933, 54, 3164, 9, 2, 512
0, 31, 36466, 70, 4745, 7, 3, 444
0, 45, 42816, 65, 2514, 3, 3, 888
0, 14, 29284, 50, 2446, 10, 3, 649
1, 58, 38170, 54, 1976, 2, 2, 584
0, 9, 93671, 89, 1958, 2, 3, 185
0, 53, 97459, 32, 1325, 3, 4, 374
0, 91, 67081, 25, 3393, 5, 2, 747
0, 53, 95955, 43, 2018, 7, 4, 663
1, 59, 54916, 58, 646, 2, 3, 919
1, 91, 99197, 80, 1130, 10, 1, 19
0, 71, 41036, 83, 1090, 3, 3, 653
1, 98, 21067, 78, 4442, 8, 2, 48
1, 86, 65103, 50, 3315, 5, 3, 374
0, 48, 45953, 16, 4381, 9, 3, 139
1, 31, 64160, 13, 2873, 10, 3, 115
0, 66, 84715, 34, 2892, 6, 1, 179
0, 65, 30308, 98, 3468, 10, 4, 273
0, 81, 92669, 88, 3068, 1, 1, 941
0, 81, 62542, 96, 1757, 10, 3, 901
0, 38, 54672, 39, 4894, 1, 4, 460
0, 44, 11111, 11, 3757, 7, 1, 4
0, 92, 52908, 55, 3526, 1, 2, 730
1, 34, 26786, 33, 708, 9, 3, 106
1, 19, 46379, 32, 1894, 9, 2, 850
1, 24, 78966, 47, 1344, 4, 3, 872
0, 85, 26035, 41, 1214, 2, 1, 636
0, 31, 79639, 53, 2318, 7, 3, 160
0, 55, 96125, 53, 2843, 1, 1, 40
1, 26, 52172, 27, 4711, 4, 2, 285
0, 6, 56588, 24, 3339, 4, 2, 584
0, 43, 42023, 81, 771, 2, 2, 896
0, 40, 84509, 38, 1311, 10, 2, 823
1, 40, 10336, 11, 1366, 5, 1, 399
0, 72, 99060, 44, 2710, 1, 1, 455
1, 76, 49366, 64, 3745, 3, 2, 672
1, 82, 19196, 90, 2567, 6, 4, 322
0, 67, 49026, 12, 1732, 7, 4, 35
0, 83, 48170, 59, 315, 5, 2, 831
0, 31, 46842, 93, 621, 6, 3, 211
0, 12, 34387, 80, 1587, 7, 3, 567
1, 75, 93804, 100, 2678, 3, 3, 30
0, 38, 28860, 71, 2417, 2, 2, 716
1, 66, 57330, 94, 1556, 10, 1, 958
1, 41, 10374, 62, 470, 4, 4, 150
1, 91, 45077, 67, 1626, 9, 3, 449
0, 77, 43306, 35, 2296, 9, 1, 226
1, 8, 93587, 75, 532, 2, 2, 710
0, 69, 87544, 54, 1583, 6, 1, 621
0, 88, 89205, 45, 356, 8, 4, 183
0, 32, 84543, 35, 2904, 2, 4, 663
1, 7, 74944, 97, 1483, 3, 3, 33
0, 31, 15746, 62, 4066, 6, 3, 463
1, 62, 65921, 55, 4268, 7, 2, 397
0, 56, 73995, 30, 1665, 10, 3, 690
0, 8, 13515, 76, 3600, 3, 4, 17
1, 41, 75733, 36, 2954, 10, 2, 641
1, 92, 51883, 38, 3003, 9, 4, 88
0, 20, 61967, 87, 83, 1, 3, 616
0, 61, 44002, 70, 4617, 7, 1, 42
0, 55, 62843, 71, 3026, 3, 3, 643
0, 47, 53965, 39, 2823, 9, 1, 926
1, 59, 99060, 42, 2413, 1, 3, 924
1, 98, 16326, 99, 4188, 4, 4, 177
1, 27, 35754, 21, 1212, 7, 2, 383
1, 14, 74616, 24, 1958, 2, 1, 427
1, 24, 95296, 75, 2115, 3, 2, 368
1, 27, 49898, 78, 4365, 8, 2, 125
0, 75, 51249, 19, 3234, 2, 1, 960
1, 66, 56387, 27, 1501, 8, 1, 748
0, 32, 79402, 91, 4616, 2, 4, 449
1, 8, 55834, 24, 492, 1, 3, 802
1, 42, 82645, 23, 2899, 4, 2, 906
0, 60, 28838, 60, 1902, 8, 2, 452
1, 4, 21445, 21, 1087, 4, 3, 34
0, 39, 70774, 73, 4916, 8, 4, 999
1, 4, 96338, 97, 3631, 7, 3, 988
1, 74, 92948, 13, 708, 6, 1, 966
0, 51, 70997, 22, 3659, 8, 4, 87
0, 44, 66166, 95, 3016, 1, 3, 296
1, 59, 29594, 37, 1649, 2, 3, 139
1, 35, 44980, 87, 4446, 7, 2, 380
1, 54, 68250, 36, 795, 3, 4, 316
0, 19, 61777, 51, 2251, 4, 2, 415
0, 20, 93720, 30, 2823, 8, 1, 454
0, 76, 18021, 15, 1999, 5, 4, 908
0, 84, 88130, 23, 961, 7, 4, 88
1, 48, 89509, 11, 3833, 5, 1, 561
0, 58, 23527, 89, 1747, 10, 3, 304
0, 85, 94027, 31, 3884, 8, 4, 652
1, 90, 28231, 26, 2497, 10, 1, 961
1, 27, 81200, 96, 3079, 6, 3, 904
1, 91, 48832, 77, 4054, 7, 3, 525
0, 69, 71353, 30, 154, 8, 1, 607
1, 19, 71874, 68, 3489, 3, 2, 94
1, 91, 61357, 17, 947, 2, 1, 6
0, 47, 78546, 80, 1618, 6, 4, 220
0, 14, 61637, 58, 207, 2, 4, 107
0, 1, 58755, 88, 2764, 8, 1, 18
1, 71, 95752, 23, 4308, 7, 1, 598
1, 47, 77966, 13, 4365, 8, 4, 616
1, 87, 86276, 40, 3622, 2, 4, 612
1, 46, 87888, 44, 2999, 3, 2, 413
1, 99, 89113, 53, 1730, 8, 1, 236
1, 69, 85565, 66, 676, 6, 3, 739
1, 35, 51590, 19, 4523, 1, 1, 429
0, 86, 13706, 70, 1512, 9, 4, 64
0, 57, 60233, 38, 12, 8, 4, 662
1, 64, 25184, 83, 4889, 1, 2, 26
0, 74, 40347, 68, 2695, 5, 2, 601
0, 33, 57747, 71, 1877, 1, 2, 674
1, 75, 37983, 75, 1366, 4, 2, 120
1, 13, 42986, 69, 4676, 4, 3, 509
0, 76, 45030, 15, 1494, 5, 1, 59
0, 11, 94501, 57, 1325, 5, 2, 382
1, 27, 26776, 44, 3773, 10, 4, 779
0, 55, 54198, 58, 2558, 5, 1, 3
1, 88, 54390, 95, 2043, 4, 2, 384
0, 55, 95199, 72, 3252, 4, 3, 632
0, 33, 21655, 38, 2935, 4, 1, 364
0, 43, 41989, 16, 984, 1, 2, 109
1, 39, 92704, 69, 1549, 5, 3, 677
0, 10, 11919, 83, 3303, 9, 4, 931
0, 25, 31121, 54, 2153, 4, 4, 633
0, 1, 27119, 34, 639, 3, 3, 303
1, 98, 68046, 71, 4313, 5, 2, 405
1, 16, 12759, 86, 4715, 4, 4, 470
0, 68, 99135, 20, 427, 4, 4, 493
1, 71, 81107, 73, 1922, 5, 1, 608
1, 32, 45087, 93, 4809, 8, 1, 717
0, 20, 52735, 41, 238, 6, 1, 379
1, 81, 51096, 74, 2584, 5, 4, 304
1, 79, 21792, 28, 2570, 2, 2, 480
1, 67, 68757, 82, 3002, 5, 3, 96
1, 91, 56269, 20, 4204, 3, 1, 350
0, 47, 32720, 45, 1585, 5, 3, 164
0, 80, 65824, 20, 2115, 10, 2, 311
1, 8, 81380, 51, 4334, 10, 3, 658
1, 33, 34182, 89, 2345, 7, 4, 111
0, 88, 66608, 84, 3199, 3, 2, 640
1, 9, 91299, 16, 2073, 4, 4, 769
0, 83, 97455, 26, 910, 5, 1, 32
0, 11, 66426, 85, 3349, 1, 3, 13
1, 90, 55771, 56, 2307, 9, 3, 834
1, 71, 11121, 56, 3205, 7, 4, 390
1, 27, 22430, 39, 62, 6, 2, 661
0, 10, 83677, 26, 766, 3, 1, 834
1, 60, 80094, 74, 2764, 4, 3, 355
1, 48, 29029, 26, 837, 10, 3, 787
0, 27, 93505, 81, 189, 2, 4, 950
0, 5, 24351, 60, 633, 3, 2, 761
0, 16, 31591, 72, 493, 10, 3, 499
1, 60, 20653, 28, 2770, 10, 1, 243
1, 60, 15963, 60, 4149, 9, 2, 79
0, 35, 92704, 87, 3822, 9, 1, 277
1, 66, 73850, 94, 3603, 2, 3, 211
0, 24, 44218, 33, 4107, 9, 2, 803
0, 93, 32947, 78, 2054, 4, 1, 896
0, 63, 89145, 12, 1719, 2, 4, 687
0, 42, 18740, 24, 351, 1, 1, 978
1, 99, 15281, 21, 2387, 1, 2, 59
1, 39, 31537, 75, 1385, 7, 2, 287
0, 39, 36715, 45, 572, 3, 1, 815
1, 32, 47378, 75, 2101, 9, 1, 486
0, 98, 46184, 88, 3739, 8, 1, 245
1, 13, 32218, 84, 2483, 7, 3, 647
0, 81, 51819, 48, 4467, 8, 2, 911
0, 76, 16863, 54, 4783, 7, 2, 905
0, 60, 60567, 83, 2419, 7, 1, 276
0, 39, 19921, 48, 4260, 10, 4, 786
0, 80, 56355, 32, 770, 9, 4, 139
1, 59, 23379, 56, 4456, 5, 2, 811
0, 65, 71292, 95, 4281, 9, 1, 505
1, 11, 40915, 80, 1400, 3, 3, 46
1, 83, 47881, 19, 1581, 6, 3, 958
0, 70, 79081, 33, 2435, 1, 1, 284
1, 43, 84473, 30, 869, 1, 4, 535
0, 34, 53291, 72, 3043, 4, 1, 615
0, 47, 15129, 31, 1111, 9, 3, 322
0, 52, 95071, 62, 3543, 4, 1, 402
1, 15, 57756, 47, 972, 9, 1, 945
0, 44, 73902, 91, 2764, 6, 4, 967
1, 45, 42158, 26, 3551, 9, 3, 205
0, 89, 27160, 70, 2228, 5, 1, 840
1, 7, 57749, 51, 643, 4, 3, 905
0, 94, 80351, 81, 3443, 5, 3, 242
0, 91, 12058, 41, 1746, 4, 2, 427
1, 56, 37631, 95, 3449, 8, 4, 515
1, 72, 52793, 30, 4407, 1, 1, 429
0, 7, 99101, 86, 1482, 7, 2, 377
0, 84, 14740, 34, 4452, 3, 2, 12
0, 91, 30299, 69, 4523, 7, 2, 228
0, 38, 28644, 54, 810, 3, 1, 366
1, 8, 36455, 80, 1310, 3, 4, 127
1, 63, 73868, 53, 762, 6, 3, 581
0, 1, 76505, 15, 849, 7, 4, 804
0, 62, 39667, 16, 2691, 5, 3, 428
1, 68, 45158, 62, 250, 9, 2, 361
0, 55, 92292, 33, 1825, 3, 2, 821
1, 63, 28511, 79, 1069, 4, 1, 524
0, 57, 40138, 96, 4448, 1, 3, 813
0, 96, 48626, 42, 1960, 9, 4, 329
1, 72, 26882, 29, 3751, 2, 3, 391
0, 63, 38288, 22, 3713, 2, 4, 596
1, 98, 32536, 17, 860, 5, 4, 44
0, 67, 40363, 29, 3900, 3, 1, 964
1, 78, 62893, 75, 657, 5, 2, 570
0, 4, 37582, 85, 4899, 8, 2, 597
1, 61, 20743, 45, 4041, 4, 2, 816
1, 94, 52006, 77, 2023, 8, 1, 4
1, 17, 89118, 31, 3449, 1, 1, 742
0, 9, 73202, 61, 1208, 5, 4, 119
1, 90, 56647, 58, 3378, 9, 4, 531
0, 23, 93614, 95, 4044, 5, 4, 801
1, 13, 60088, 52, 3655, 6, 4, 623
0, 50, 99250, 48, 4736, 5, 1, 897
0, 47, 37937, 40, 831, 8, 2, 939
0, 53, 81381, 38, 3490, 6, 3, 940
0, 3, 64452, 64, 509, 5, 4, 392
1, 70, 37401, 57, 2134, 5, 1, 601
1, 89, 21921, 81, 4370, 3, 3, 362
1, 56, 18212, 41, 1603, 2, 4, 319
0, 100, 62386, 87, 3933, 5, 4, 837
0, 60, 19632, 87, 2762, 8, 3, 967
1, 96, 91882, 73, 2209, 9, 4, 368
1, 94, 43130, 77, 3880, 2, 4, 156
1, 55, 16988, 67, 1585, 3, 1, 246
1, 5, 77632, 76, 4493, 5, 2, 72
1, 60, 71572, 59, 4864, 9, 2, 468
0, 4, 24681, 22, 1561, 4, 4, 75
1, 61, 81688, 26, 3463, 3, 3, 481
1, 32, 92625, 40, 3083, 5, 1, 717
1, 39, 32716, 88, 2411, 2, 2, 360
1, 33, 76850, 88, 1332, 1, 3, 83
1, 40, 11059, 39, 2739, 9, 1, 524
0, 81, 62902, 33, 1897, 9, 3, 497
0, 68, 54542, 99, 3716, 9, 3, 119
0, 55, 58982, 18, 4189, 4, 4, 833
1, 33, 71514, 72, 3822, 10, 4, 306
0, 30, 58826, 73, 4362, 7, 1, 708
1, 43, 80053, 42, 1128, 6, 1, 782
0, 36, 37028, 36, 1617, 8, 3, 725
0, 7, 66845, 74, 3240, 4, 1, 361
0, 94, 16757, 26, 3895, 2, 2, 596
0, 44, 44193, 55, 3539, 4, 1, 9
1, 24, 84238, 40, 4190, 6, 3, 356
1, 61, 24942, 88, 1467, 5, 4, 746
1, 90, 23053, 29, 3108, 4, 1, 808
1, 62, 88855, 67, 4273, 6, 3, 761
0, 28, 12580, 18, 1815, 2, 4, 694
1, 17, 49339, 69, 3331, 2, 4, 516
1, 53, 67566, 57, 3625, 4, 3, 592
1, 29, 53504, 11, 1513, 4, 3, 503
1, 79, 40470, 42, 4121, 7, 2, 864
1, 77, 82854, 54, 3152, 1, 4, 419
0, 62, 39074, 79, 2081, 6, 4, 441
0, 64, 75558, 17, 1036, 2, 4, 169
1, 57, 29359, 32, 2666, 2, 4, 953
1, 60, 33006, 79, 1866, 3, 3, 961
1, 54, 74857, 51, 1549, 2, 1, 46
0, 48, 37814, 64, 4343, 4, 2, 906
0, 19, 55006, 62, 3161, 5, 4, 306
0, 28, 91152, 15, 2495, 10, 1, 246
1, 71, 35243, 77, 4338, 5, 4, 965
0, 96, 85868, 77, 704, 1, 4, 1
0, 22, 79891, 51, 3579, 1, 3, 549
1, 6, 67769, 17, 3251, 2, 2, 740
0, 24, 19683, 10, 3278, 3, 4, 844
0, 15, 34691, 64, 288, 10, 1, 860
1, 51, 40470, 43, 1700, 8, 2, 163
1, 36, 82524, 34, 3679, 2, 4, 824
1, 5, 32533, 60, 4803, 9, 1, 191
1, 62, 34140, 33, 1943, 10, 4, 345
0, 77, 61282, 98, 201, 3, 3, 163
0, 63, 94918, 31, 1006, 4, 4, 972
0, 63, 59460, 80, 2215, 6, 2, 254
1, 85, 98545, 58, 2663, 7, 4, 844
1, 91, 20784, 29, 3159, 3, 1, 593
0, 9, 43624, 49, 2958, 2, 2, 5
0, 92, 62064, 48, 675, 4, 4, 412
1, 60, 24391, 48, 3603, 8, 2, 928
1, 36, 29093, 28, 4020, 7, 3, 334
1, 31, 66048, 51, 1982, 9, 2, 779
1, 63, 48910, 54, 1608, 7, 3, 236
1, 92, 47661, 91, 744, 4, 4, 678
0, 26, 48657, 15, 418, 8, 2, 249
1, 99, 97419, 91, 413, 6, 3, 148
0, 85, 90620, 39, 893, 5, 1, 826
1, 39, 37142, 19, 1610, 10, 3, 862
1, 11, 68335, 40, 252, 3, 3, 334
0, 7, 15891, 95, 2534, 3, 3, 459
0, 7, 66434, 81, 29, 10, 3, 654
1, 18, 77113, 85, 3123, 4, 3, 910
1, 62, 68925, 16, 2836, 5, 1, 201
0, 81, 57105, 51, 1848, 9, 2, 209
1, 39, 20542, 52, 4216, 7, 2, 116
1, 26, 60699, 75, 4235, 5, 1, 782
1, 73, 69187, 95, 4260, 9, 2, 550
1, 78, 75545, 96, 3514, 2, 2, 465
1, 57, 66451, 55, 3479, 6, 4, 747
1, 10, 78790, 40, 3864, 5, 2, 380
0, 81, 52732, 13, 4861, 1, 4, 252
0, 35, 58781, 90, 1194, 9, 1, 671
1, 38, 78631, 37, 2711, 7, 3, 290
1, 40, 29449, 100, 1401, 3, 3, 439
0, 15, 11217, 52, 1440, 10, 4, 102
1, 52, 25557, 85, 4836, 5, 2, 318
0, 65, 94268, 18, 3045, 2, 4, 674
0, 60, 25276, 45, 22, 10, 2, 423
0, 62, 85374, 38, 2217, 6, 4, 96
0, 65, 97555, 91, 1939, 7, 2, 908
1, 93, 88671, 32, 1852, 6, 2, 120
1, 4, 86616, 26, 1619, 10, 3, 641
1, 12, 59451, 61, 587, 6, 1, 261
1, 91, 99370, 23, 1294, 8, 2, 114
0, 9, 36253, 64, 1311, 6, 1, 109
1, 87, 68772, 32, 57, 2, 1, 802
1, 34, 90598, 100, 1587, 3, 3, 579
0, 52, 40370, 89, 2154, 7, 3, 424
0, 50, 59346, 45, 1669, 6, 4, 561
0, 57, 93562, 79, 1561, 5, 1, 923
1, 25, 75589, 99, 1856, 2, 1, 848
0, 94, 60544, 93, 2149, 9, 4, 974
1, 37, 70209, 97, 2309, 2, 1, 879
0, 3, 82205, 25, 901, 9, 1, 446
1, 94, 22678, 48, 1392, 6, 2, 175
0, 57, 26936, 44, 4700, 7, 3, 997
0, 12, 68595, 29, 344, 7, 3, 569
1, 52, 62304, 83, 3666, 5, 4, 313
0, 12, 34824, 22, 3795, 5, 4, 908
0, 61, 99690, 67, 4547, 7, 4, 444
1, 91, 24134, 70, 1163, 8, 1, 276
1, 91, 74657, 67, 1318, 1, 1, 110
1, 1, 75000, 36, 2669, 4, 2, 476
1, 77, 90388, 98, 4900, 6, 2, 769
1, 47, 11441, 25, 4194, 7, 3, 410
1, 73, 21112, 75, 765, 1, 3, 96
1, 42, 60857, 35, 1019, 4, 2, 494
1, 98, 18876, 71, 3693, 2, 1, 352
1, 13, 79753, 52, 2575, 4, 3, 889
1, 54, 61147, 16, 2666, 3, 4, 961
1, 47, 57433, 73, 2239, 10, 2, 814
1, 38, 21608, 38, 1100, 8, 2, 866
0, 69, 43141, 33, 903, 10, 1, 803
1, 77, 88342, 90, 3176, 5, 2, 153
0, 11, 46662, 49, 2144, 7, 3, 223
0, 50, 97745, 74, 147, 1, 1, 950
0, 26, 32413, 33, 4147, 3, 3, 463
0, 30, 95810, 42, 3215, 10, 4, 937
0, 81, 40060, 63, 2326, 2, 1, 20
1, 92, 71741, 45, 1634, 6, 1, 730
1, 25, 41154, 79, 2327, 4, 4, 802
1, 25, 14518, 17, 73, 5, 2, 888
1, 91, 30351, 41, 162, 6, 1, 564
1, 61, 65361, 30, 3569, 6, 1, 768
1, 6, 65456, 88, 475, 8, 2, 986
1, 6, 37257, 50, 2302, 5, 3, 940
0, 9, 50936, 36, 3235, 10, 4, 66
1, 8, 46106, 84, 3864, 8, 3, 534
1, 74, 64761, 87, 4538, 8, 2, 361
1, 6, 24017, 79, 395, 3, 1, 196
0, 1, 95311, 37, 1057, 4, 2, 797
0, 75, 31470, 49, 3169, 1, 1, 433
0, 9, 67243, 35, 2511, 6, 4, 165
1, 12, 17636, 55, 4333, 1, 1, 713
1, 96, 54595, 46, 187, 5, 4, 720
0, 49, 16458, 75, 1082, 2, 2, 384
0, 30, 76726, 78, 1691, 6, 2, 149
1, 74, 36148, 31, 2733, 6, 3, 362
0, 59, 12017, 18, 2203, 10, 1, 853
1, 52, 38227, 29, 3486, 4, 3, 389
0, 65, 17772, 12, 1545, 5, 2, 643
0, 99, 63952, 40, 4653, 5, 1, 554
0, 34, 97921, 53, 3040, 6, 3, 567
1, 75, 96699, 48, 2039, 7, 2, 648
1, 92, 15543, 96, 399, 1, 2, 950
0, 15, 55720, 97, 2792, 4, 3, 108
1, 24, 76827, 17, 3030, 7, 1, 490
0, 64, 12146, 61, 1057, 6, 2, 240
0, 96, 82617, 57, 3085, 2, 3, 343
0, 54, 44008, 10, 600, 9, 1, 576
1, 96, 15351, 64, 2236, 2, 4, 211
1, 33, 35450, 92, 295, 10, 4, 564
1, 63, 26861, 68, 4984, 6, 4, 20
0, 81, 51670, 48, 2495, 10, 3, 774
1, 28, 47178, 26, 2670, 8, 1, 641
1, 76, 32770, 42, 3494, 2, 3, 77
1, 67, 96541, 53, 3666, 5, 4, 608
0, 35, 44874, 58, 4080, 6, 4, 228
1, 98, 80268, 76, 4491, 5, 3, 49
1, 79, 23799, 32, 4108, 7, 1, 121
1, 34, 91407, 68, 4488, 5, 2, 632
0, 3, 64484, 60, 4513, 6, 3, 137
1, 25, 22313, 75, 692, 10, 1, 973
1, 2, 80959, 57, 4129, 5, 1, 212
1, 60, 61704, 20, 2626, 3, 4, 939
1, 18, 73526, 27, 1927, 8, 4, 534
1, 62, 14481, 60, 1035, 5, 3, 651
0, 25, 55134, 26, 1367, 4, 2, 728
0, 40, 54852, 16, 1576, 7, 2, 829
1, 14, 29553, 61, 2158, 8, 3, 372
0, 45, 83637, 16, 4887, 9, 1, 57
0, 43, 46988, 79, 3090, 6, 2, 833
0, 68, 51127, 83, 3256, 6, 2, 288
0, 85, 42122, 60, 2275, 5, 2, 103
1, 32, 50137, 26, 423, 3, 3, 7
1, 52, 66716, 70, 4058, 3, 1, 798
0, 31, 68194, 45, 200, 6, 4, 812
0, 6, 83307, 91, 1387, 5, 3, 890
1, 95, 38518, 43, 129, 1, 3, 581
0, 13, 95306, 71, 4799, 9, 1, 918
0, 16, 48775, 25, 1828, 9, 2, 553
1, 96, 28380, 48, 567, 2, 2, 922
1, 58, 46541, 80, 4158, 4, 2, 816
0, 52, 10086, 16, 4737, 4, 1, 756
0, 31, 55408, 67, 2455, 10, 4, 347
1, 18, 46561, 18, 2044, 1, 4, 167
0, 68, 79067, 72, 3311, 7, 2, 749
0, 15, 64997, 31, 2358, 8, 1, 107
0, 98, 48170, 49, 994, 10, 3, 293
0, 8, 21613, 14, 2250, 7, 3, 935
1, 52, 47018, 67, 4036, 8, 1, 190
1, 33, 94063, 10, 658, 3, 4, 902
1, 1, 94767, 71, 4011, 9, 3, 718
1, 19, 30999, 58, 4541, 7, 4, 708
1, 79, 52069, 31, 2921, 9, 3, 251
0, 27, 22764, 20, 670, 3, 3, 187
1, 16, 28089, 82, 552, 2, 2, 976
0, 36, 96475, 32, 64, 2, 2, 447
1, 13, 98869, 92, 3838, 10, 3, 143
1, 31, 98219, 72, 2032, 1, 2, 880
1, 79, 35206, 96, 1302, 6, 2, 145
0, 46, 16039, 77, 3199, 6, 4, 785
1, 67, 24598, 83, 625, 8, 1, 275
0, 72, 62278, 72, 1027, 10, 4, 149
0, 61, 73632, 67, 2963, 8, 2, 844
1, 70, 67564, 55, 1583, 2, 1, 446
0, 94, 78733, 56, 2261, 10, 1, 466
0, 60, 48289, 85, 3971, 8, 4, 537
0, 13, 22832, 78, 469, 10, 3, 189
1, 12, 82605, 14, 624, 4, 3, 720
1, 14, 86619, 42, 2596, 8, 3, 824
0, 77, 71105, 54, 2684, 5, 4, 631
1, 70, 89468, 92, 3710, 2, 3, 959
0, 16, 61586, 74, 4219, 10, 1, 66
1, 47, 61849, 63, 2023, 5, 4, 733
0, 71, 51692, 33, 3088, 1, 4, 821
0, 91, 23544, 66, 372, 3, 1, 316
0, 1, 11752, 16, 3504, 3, 4, 817
1, 17, 69300, 32, 2032, 7, 4, 3
0, 93, 80799, 99, 4049, 3, 1, 851
1, 70, 28952, 12, 3894, 7, 2, 203
1, 47, 39083, 22, 1699, 4, 1, 882
0, 90, 55612, 55, 1731, 1, 2, 830
0, 68, 10883, 27, 300, 5, 1, 593
1, 41, 22031, 30, 2874, 3, 3, 646
0, 96, 61028, 36, 3527, 7, 2, 903
0, 11, 22283, 79, 2969, 3, 3, 24
0, 17, 27589, 47, 3941, 3, 1, 47
0, 21, 14896, 63, 3314, 7, 2, 380
0, 96, 45437, 98, 85, 2, 4, 12
0, 43, 42824, 54, 421, 5, 3, 115
0, 92, 80079, 86, 3719, 5, 2, 245
0, 27, 81725, 64, 4025, 6, 4, 718
0, 56, 70706, 81, 772, 10, 4, 945
0, 64, 57370, 45, 1730, 7, 2, 489
1, 38, 55945, 96, 2321, 5, 3, 723
1, 30, 49671, 33, 3829, 6, 2, 139
0, 3, 58058, 14, 2071, 7, 1, 523
1, 78, 50860, 47, 589, 10, 1, 998
0, 84, 76245, 61, 2382, 5, 3, 732
1, 34, 50823, 90, 1248, 1, 1, 367
0, 18, 23233, 14, 938, 5, 2, 602
0, 10, 61008, 66, 724, 9, 1, 282
0, 8, 34018, 82, 557, 8, 3, 998
0, 94, 74161, 53, 2000, 5, 3, 499
0, 51, 80082, 98, 1550, 9, 1, 18
1, 12, 22501, 15, 726, 8, 4, 377
1, 94, 79285, 38, 633, 9, 3, 61
1, 30, 47396, 34, 332, 2, 2, 570
1, 64, 58126, 41, 4068, 8, 3, 420
0, 49, 24773, 69, 3135, 4, 2, 100
1, 1, 87065, 93, 271, 8, 4, 357
0, 11, 52133, 20, 3093, 1, 2, 562
0, 5, 19549, 81, 3622, 5, 4, 503
0, 20, 81773, 77, 3970, 5, 3, 641
1, 67, 48510, 29, 4616, 4, 4, 651
1, 75, 26054, 29, 4856, 8, 2, 820
0, 12, 99914, 63, 3346, 10, 3, 294
1, 95, 94249, 99, 1058, 7, 4, 245
1, 53, 76752, 21, 1747, 9, 3, 832
1, 71, 61606, 21, 2765, 10, 3, 761
1, 27, 35713, 82, 1975, 7, 4, 812
0, 42, 43606, 65, 3197, 6, 2, 242
1, 88, 31352, 22, 2432, 1, 3, 496
1, 75, 59941, 60, 3178, 5, 2, 803
1, 45, 54717, 64, 1916, 5, 4, 24
1, 66, 32404, 99, 2595, 3, 4, 320
1, 39, 61755, 68, 3109, 7, 4, 366
0, 3, 44973, 14, 3530, 5, 1, 266
1, 48, 12071, 29, 3626, 3, 1, 723
0, 85, 87504, 97, 3590, 1, 3, 53
0, 31, 92301, 59, 2020, 3, 3, 832
1, 52, 93524, 43, 3189, 1, 4, 995
0, 27, 96158, 71, 840, 3, 3, 403
0, 95, 44854, 95, 1995, 1, 4, 584
1, 38, 77584, 79, 3047, 6, 2, 843
1, 31, 21359, 51, 1094, 10, 4, 634
1, 78, 67570, 71, 4531, 8, 4, 413
1, 48, 44292, 85, 4330, 4, 1, 31
0, 50, 24891, 38, 2266, 9, 2, 545
1, 44, 69442, 96, 3057, 7, 2, 161
1, 10, 55375, 97, 873, 7, 1, 459
1, 56, 36244, 53, 4063, 3, 3, 253
0, 59, 68475, 27, 2693, 7, 2, 797
1, 26, 97313, 60, 2958, 6, 1, 518
0, 19, 18247, 44, 1280, 4, 2, 737
0, 86, 85320, 29, 1012, 6, 1, 235
0, 78, 60304, 88, 1532, 2, 4, 905
1, 57, 57999, 42, 4259, 8, 4, 380
1, 78, 71825, 79, 723, 1, 1, 709
1, 98, 34907, 96, 3478, 4, 1, 333
1, 15, 55366, 45, 2712, 6, 4, 998
1, 77, 32515, 60, 1598, 6, 2, 740
1, 86, 82788, 80, 575, 8, 1, 92
1, 90, 80683, 65, 2237, 1, 2, 256
1, 39, 26359, 97, 2662, 9, 2, 396
0, 41, 59567, 84, 3225, 2, 2, 762
1, 26, 27525, 76, 1420, 1, 3, 444
1, 82, 29212, 100, 3843, 4, 2, 992
0, 84, 48672, 66, 4137, 7, 4, 726
0, 47, 76676, 39, 2785, 7, 2, 282
1, 14, 12478, 49, 3910, 10, 2, 709
0, 53, 34446, 95, 3017, 2, 2, 426
0, 94, 43340, 71, 741, 1, 3, 491
1, 84, 49026, 97, 3994, 4, 3, 457
1, 41, 52341, 97, 54, 5, 3, 551
1, 82, 86513, 88, 2300, 8, 1, 165
0, 54, 56212, 13, 3930, 10, 3, 25
1, 95, 35164, 86, 3648, 5, 4, 905
0, 58, 69078, 97, 1351, 2, 1, 771
1, 42, 56560, 35, 3901, 3, 3, 980
1, 20, 24644, 90, 463, 10, 2, 521
1, 60, 97222, 81, 1570, 1, 2, 533
1, 85, 25291, 35, 2416, 4, 2, 696
0, 41, 38575, 30, 1635, 6, 1, 540
0, 42, 98417, 29, 318, 6, 2, 750
1, 76, 44662, 17, 3736, 7, 4, 792
0, 95, 95604, 28, 4465, 8, 4, 475
1, 81, 99075, 53, 1211, 2, 4, 762
1, 19, 44692, 96, 2324, 9, 4, 963
1, 27, 79114, 26, 4518, 6, 3, 824
0, 61, 76942, 33, 3178, 4, 2, 219
1, 22, 39425, 84, 469, 9, 4, 434
0, 93, 47379, 100, 2894, 8, 2, 342
0, 38, 26454, 40, 3835, 7, 1, 920
0, 2, 40683, 100, 3012, 1, 4, 10
1, 81, 77053, 25, 2953, 6, 1, 993
1, 2, 60807, 35, 4030, 2, 3, 624
1, 33, 59310, 69, 2485, 7, 1, 127
1, 72, 69364, 85, 4716, 3, 3, 500
1, 13, 39729, 66, 2155, 6, 1, 747
1, 96, 11084, 71, 1847, 1, 4, 218
0, 90, 11153, 19, 3665, 2, 1, 810
1, 62, 89183, 34, 699, 9, 2, 406
0, 46, 31345, 61, 2226, 3, 1, 558
0, 80, 75317, 41, 3898, 5, 4, 632
0, 89, 63140, 74, 6, 10, 4, 981
0, 72, 64328, 18, 2236, 6, 3, 417
1, 92, 57896, 25, 4863, 2, 2, 997
1, 42, 77776, 11, 4573, 1, 2, 399
1, 56, 76179, 94, 273, 3, 4, 684
1, 93, 41404, 56, 1418, 2, 3, 181
1, 48, 83050, 50, 1424, 10, 2, 106
0, 91, 23611, 77, 1249, 5, 3, 74
0, 25, 20764, 86, 1906, 10, 2, 42
0, 62, 94070, 47, 3946, 3, 3, 442
0, 36, 33504, 60, 1513, 7, 1, 771
1, 70, 58940, 68, 1751, 6, 2, 278
0, 54, 19809, 80, 404, 6, 3, 905
0, 92, 14936, 76, 4457, 1, 3, 369
0, 91, 85980, 24, 4433, 3, 2, 346
1, 63, 68528, 96, 2688, 4, 3, 224
1, 43, 18690, 44, 2236, 5, 4, 454
1, 49, 58617, 29, 1221, 10, 2, 977
1, 34, 62039, 45, 4470, 4, 1, 125
0, 74, 19213, 59, 3734, 3, 4, 797
0, 57, 48888, 88, 302, 5, 4, 323
1, 13, 72139, 33, 4727, 8, 2, 177
0, 11, 86837, 35, 3713, 4, 4, 141
1, 86, 83869, 72, 4966, 8, 1, 491
1, 97, 33870, 54, 4707, 5, 4, 523
0, 61, 82903, 29, 4751, 2, 3, 136
1, 48, 78587, 84, 3382, 6, 1, 862
1, 31, 46783, 53, 1223, 9, 1, 184
0, 34, 36159, 85, 1785, 3, 1, 391
1, 38, 45139, 91, 2072, 2, 3, 742
0, 48, 97682, 21, 4152, 7, 4, 756
0, 77, 35340, 88, 706, 3, 3, 113
0, 55, 48361, 95, 2091, 8, 3, 877
1, 71, 77882, 16, 3859, 4, 4, 189
0, 54, 25292, 77, 4086, 8, 4, 646
1, 84, 97198, 13, 3718, 7, 3, 361
1, 88, 92448, 72, 2507, 8, 2, 927
0, 39, 93880, 30, 381, 2, 3, 457
0, 26, 24666, 27, 3178, 3, 3, 167
0, 8, 71326, 70, 1271, 8, 3, 966
1, 81, 20885, 76, 1834, 1, 3, 78
1, 79, 93783, 55, 2600, 6, 1, 358
0, 2, 87925, 21, 2738, 6, 1, 942
0, 50, 60855, 67, 4305, 2, 3, 292
1, 5, 79735, 27, 3739, 4, 3, 224
0, 82, 24937, 21, 1601, 8, 2, 813
0, 56, 70260, 47, 270, 4, 4, 103
1, 12, 57578, 55, 2669, 6, 3, 481
1, 25, 67812, 84, 836, 8, 4, 10
1, 15, 28905, 49, 2468, 3, 2, 256
0, 95, 66201, 16, 1266, 6, 4, 595
0, 67, 77387, 54, 1, 1, 2, 254
0, 94, 53304, 93, 4427, 9, 3, 226
1, 2, 70877, 75, 249, 10, 4, 171
1, 37, 72180, 71, 4546, 4, 2, 904
1, 81, 63039, 14, 2410, 8, 1, 964
0, 89, 59500, 92, 3377, 6, 3, 911
0, 54, 67463, 14, 3311, 4, 2, 353
1, 1, 16428, 41, 119, 9, 4, 680
0, 93, 36932, 15, 2674, 2, 4, 627
1, 43, 40784, 53, 1340, 8, 2, 258
1, 37, 20487, 33, 3966, 10, 2, 59
1, 3, 15282, 75, 3023, 2, 1, 929
0, 23, 96476, 31, 1849, 9, 1, 756
0, 23, 21570, 41, 2624, 1, 1, 439
1, 70, 18864, 53, 2223, 10, 4, 22
0, 73, 15813, 87, 2335, 5, 1, 286
0, 6, 32327, 68, 4879, 3, 1, 683
0, 31, 73672, 38, 2773, 2, 4, 24
0, 63, 88904, 10, 1012, 9, 1, 191
1, 74, 98634, 52, 3181, 1, 2, 579
0, 61, 23577, 94, 4427, 9, 1, 421
1, 22, 99507, 57, 236, 7, 1, 893
0, 51, 67867, 21, 439, 2, 3, 698
0, 61, 28503, 75, 4144, 9, 1, 669
1, 25, 92631, 85, 4815, 9, 3, 370
0, 51, 92327, 16, 597, 3, 3, 915
0, 1, 72109, 76, 3341, 3, 2, 51
0, 14, 40199, 80, 3981, 2, 4, 49
0, 25, 36312, 34, 496, 8, 1, 270
1, 36, 32778, 23, 1328, 2, 1, 345
0, 19, 70014, 37, 4116, 7, 1, 439
0, 69, 52042, 38, 3178, 5, 2, 952
0, 79, 18400, 20, 3269, 9, 4, 393
0, 22, 77498, 19, 1114, 9, 4, 822
1, 70, 53696, 76, 3329, 9, 1, 8
0, 14, 50853, 81, 2210, 2, 3, 676
0, 70, 13534, 100, 1572, 9, 4, 89
1, 28, 81366, 73, 1148, 4, 1, 289
1, 64, 63123, 74, 2112, 8, 2, 465
0, 70, 19094, 55, 4116, 9, 1, 340
0, 21, 79375, 10, 1103, 1, 4, 368
1, 3, 82567, 55, 2976, 2, 3, 498
1, 21, 12254, 44, 3505, 3, 2, 797
0, 97, 21140, 13, 1438, 4, 2, 281
1, 30, 58597, 94, 2175, 7, 4, 779
1, 92, 68675, 84, 3881, 9, 2, 565
1, 61, 18937, 86, 394, 7, 3, 242
1, 89, 75728, 68, 1191, 10, 4, 143
1, 17, 37095, 79, 2579, 7, 1, 508
0, 23, 13880, 96, 2139, 10, 3, 906
1, 94, 92295, 45, 653, 6, 1, 965
1, 2, 61163, 66, 2870, 2, 3, 147
0, 100, 89679, 60, 4959, 9, 1, 646
0, 60, 56153, 14, 27, 3, 1, 586
1, 34, 25647, 85, 1242, 1, 1, 200
0, 47, 51751, 89, 1823, 8, 3, 243
1, 45, 21932, 20, 1338, 3, 2, 493
1, 11, 87392, 15, 2766, 2, 1, 406
0, 35, 41873, 32, 4533, 4, 2, 606
1, 68, 67649, 23, 4272, 8, 1, 394
0, 24, 53099, 94, 828, 6, 2, 161
0, 89, 60539, 47, 2057, 3, 1, 809
1, 42, 20075, 45, 4031, 7, 4, 299
1, 72, 56343, 100, 1428, 5, 4, 322
0, 4, 38810, 66, 772, 8, 1, 511
1, 12, 96834, 100, 2936, 9, 1, 237
0, 21, 17349, 43, 3035, 7, 3, 403
0, 60, 37229, 29, 2948, 10, 1, 529
1, 33, 28550, 41, 2230, 4, 2, 738
1, 100, 17104, 68, 1355, 5, 1, 391
0, 18, 24897, 14, 1076, 8, 3, 899
0, 2, 87205, 34, 4106, 8, 3, 199
0, 48, 58603, 35, 253, 6, 2, 55
0, 42, 47558, 22, 537, 5, 2, 139
1, 40, 64110, 20, 2350, 8, 2, 603
1, 43, 14570, 22, 4822, 9, 2, 938
1, 67, 78437, 46, 3138, 7, 4, 599
0, 63, 79965, 34, 710, 1, 4, 970
1, 39, 59436, 29, 3618, 3, 2, 856
0, 98, 53905, 84, 2519, 1, 2, 39
0, 23, 88251, 98, 3746, 9, 1, 98
0, 48, 33204, 36, 2064, 3, 1, 687
1, 37, 71678, 55, 2271, 7, 1, 374
0, 43, 90718, 73, 4770, 1, 1, 417
0, 15, 61576, 96, 3401, 4, 1, 373
0, 76, 38726, 20, 3348, 1, 4, 560
0, 76, 14944, 22, 822, 10, 4, 9
0, 67, 63625, 34, 2897, 9, 2, 198
0, 25, 67637, 39, 1103, 8, 2, 826
1, 32, 13423, 62, 1052, 2, 3, 265
0, 27, 91373, 61, 1578, 4, 1, 46
1, 30, 28896, 48, 643, 1, 1, 721
1, 82, 15159, 16, 1430, 2, 2, 17
1, 71, 73193, 25, 4931, 6, 2, 332
1, 40, 58351, 20, 2382, 8, 3, 616
0, 91, 86402, 35, 4046, 10, 2, 387
0, 74, 45262, 37, 343, 2, 2, 333
1, 67, 23724, 57, 4132, 2, 4, 23
0, 40, 38134, 34, 617, 3, 1, 81
0, 9, 88532, 64, 4577, 2, 3, 288
0, 85, 98738, 28, 1874, 3, 1, 982
1, 25, 95900, 46, 4211, 3, 1, 443
1, 79, 48002, 19, 1089, 3, 1, 512
1, 32, 57606, 50, 2072, 3, 2, 138
1, 93, 25393, 65, 2039, 6, 3, 211
1, 66, 59836, 42, 1577, 6, 2, 267
1, 14, 51954, 31, 1128, 9, 1, 272
1, 83, 46667, 45, 2172, 4, 3, 551
1, 92, 77160, 79, 2977, 4, 2, 8
0, 66, 76099, 18, 3584, 9, 1, 121
1, 46, 18455, 63, 2780, 1, 3, 623
0, 56, 72291, 53, 1870, 2, 1, 264
1, 19, 85512, 14, 1870, 8, 3, 760
0, 73, 80597, 76, 724, 6, 2, 214
0, 20, 13809, 52, 3495, 7, 2, 947
0, 40, 47247, 69, 2273, 3, 3, 89
0, 18, 32078, 54, 3377, 4, 3, 584
0, 28, 78466, 98, 189, 9, 1, 546
0, 94, 59692, 70, 429, 8, 3, 380
1, 15, 37269, 31, 2846, 10, 3, 407
1, 91, 86692, 62, 47, 10, 1, 213
0, 18, 11983, 97, 2513, 10, 1, 695
1, 82, 60513, 48, 441, 4, 4, 18
0, 94, 57117, 53, 3002, 6, 1, 436
1, 38, 28897, 88, 1733, 10, 4, 733
1, 20, 23969, 73, 1379, 6, 4, 285
0, 20, 44383, 20, 1456, 4, 3, 323
0, 24, 56677, 81, 3969, 3, 1, 185
0, 96, 11104, 15, 50, 10, 2, 228
0, 52, 14023, 17, 1030, 7, 4, 530
0, 38, 30834, 76, 3299, 5, 3, 238
0, 34, 56000, 59, 4363, 2, 4, 318
0, 5, 45110, 89, 215, 6, 1, 266
0, 47, 21598, 33, 4472, 9, 1, 967
1, 76, 35625, 13, 3160, 8, 3, 378
1, 7, 95885, 95, 3149, 5, 1, 360
1, 40, 42465, 95, 4865, 10, 2, 701
1, 87, 52048, 52, 4075, 7, 1, 75
0, 66, 49686, 75, 2155, 3, 3, 318
1, 34, 18561, 78, 3083, 3, 4, 72
0, 67, 56264, 46, 1299, 5, 4, 888
1, 88, 68971, 19, 3754, 2, 3, 351
1, 64, 24772, 99, 289, 1, 4, 432
0, 6, 40798, 99, 4797, 6, 4, 537
1, 91, 43451, 65, 404, 5, 2, 592
1, 21, 55250, 82, 3649, 3, 1, 448
0, 89, 18886, 19, 3952, 4, 4, 510
1, 6, 74570, 98, 1171, 5, 2, 788
0, 76, 80704, 76, 2327, 3, 2, 929
0, 37, 72504, 98, 1281, 4, 2, 778
1, 20, 80111, 21, 1554, 1, 3, 146
0, 16, 71813, 56, 1253, 6, 4, 624
1, 90, 77198, 39, 4524, 5, 2, 735
1, 40, 61368, 82, 1597, 1, 3, 65
1, 65, 45511, 49, 224, 3, 2, 47
1, 66, 16885, 88, 4435, 6, 2, 40
0, 51, 23847, 97, 4513, 3, 3, 658
1, 74, 49002, 80, 3025, 8, 3, 928
1, 60, 96573, 30, 3186, 10, 1, 913
1, 33, 47806, 34, 2676, 7, 3, 239
1, 3, 58828, 44, 4053, 5, 1, 45
0, 47, 79810, 57, 2340, 7, 3, 999
1, 32, 55986, 29, 2791, 10, 2, 850
1, 64, 14762, 91, 4385, 2, 4, 957
1, 87, 27831, 15, 2095, 5, 3, 922
0, 94, 76572, 82, 447, 2, 3, 90
1, 6, 36777, 100, 745, 3, 1, 194
1, 31, 69564, 80, 991, 10, 2, 910
0, 96, 72670, 100, 2561, 8, 4, 62
0, 45, 80256, 49, 389, 10, 2, 890
0, 79, 22960, 32, 1308, 10, 3, 189
0, 2, 45955, 91, 3204, 3, 2, 352
0, 65, 47240, 18, 1901, 2, 2, 970
1, 56, 59288, 90, 3563, 1, 2, 480
1, 62, 71326, 99, 4020, 4, 2, 362
0, 40, 17549, 62, 1, 8, 2, 579
1, 16, 50671, 34, 1609, 3, 2, 867
0, 15, 18472, 59, 1548, 5, 1, 756
1, 5, 90213, 14, 3391, 7, 2, 158
1, 52, 99480, 95, 3086, 8, 4, 122
1, 25, 27127, 33, 29, 7, 3, 358
1, 79, 41855, 17, 1694, 1, 4, 686
1, 85, 46653, 54, 2745, 1, 3, 90
0, 32, 70906, 59, 3787, 7, 4, 445
1, 8, 69629, 31, 4294, 10, 3, 569
0, 9, 83314, 41, 779, 3, 1, 614
1, 27, 52720, 49, 3053, 2, 2, 477
1, 81, 71753, 71, 3881, 8, 3, 644
1, 100, 77898, 81, 3874, 5, 2, 640
0, 68, 63224, 76, 2059, 5, 4, 686
0, 72, 84603, 57, 3888, 10, 3, 767
1, 8, 21664, 54, 526, 10, 3, 234
0, 70, 82613, 34, 4774, 3, 1, 917
0, 53, 83149, 76, 690, 1, 1, 868
1, 50, 41447, 81, 2413, 3, 4, 13
1, 40, 51150, 32, 3227, 4, 1, 656
1, 73, 91841, 84, 1537, 9, 4, 119
0, 28, 36182, 36, 210, 5, 3, 543
1, 46, 52015, 18, 2944, 4, 1, 42
1, 90, 15463, 75, 8, 8, 4, 680
0, 15, 76065, 55, 797, 6, 1, 368
0, 38, 50287, 30, 955, 4, 1, 360
1, 90, 37596, 19, 2232, 7, 3, 955
1, 98, 57640, 79, 4915, 8, 2, 832
0, 63, 18411, 42, 1633, 3, 4, 966
1, 9, 29003, 88, 3264, 10, 2, 204
1, 18, 49007, 68, 3370, 3, 2, 505
0, 49, 23773, 73, 1975, 1, 1, 159
1, 78, 66076, 11, 3973, 6, 1, 964
0, 4, 95072, 19, 316, 4, 4, 856
0, 23, 92750, 90, 847, 4, 4, 797
1, 91, 76609, 74, 4435, 6, 4, 26
1, 93, 38386, 36, 410, 3, 2, 380
1, 31, 41415, 96, 3074, 7, 3, 399
0, 73, 29913, 90, 3459, 6, 1, 686
1, 97, 55436, 14, 289, 9, 4, 656
0, 6, 53743, 21, 1404, 3, 4, 794
0, 72, 88443, 88, 4297, 6, 1, 891
0, 66, 88888, 18, 4585, 1, 3, 562
0, 81, 33794, 10, 1176, 3, 4, 707
1, 35, 75197, 68, 2598, 10, 3, 282
1, 57, 32442, 33, 1665, 4, 1, 736
0, 11, 95887, 16, 2465, 1, 2, 405
0, 22, 25621, 29, 1137, 1, 3, 570
1, 67, 64203, 55, 3767, 2, 3, 411
1, 19, 61875, 52, 577, 7, 3, 220
1, 19, 79766, 80, 4087, 10, 1, 427
1, 19, 85935, 98, 4353, 7, 2, 381
1, 98, 42293, 44, 3334, 10, 3, 798
1, 84, 98216, 69, 4000, 7, 2, 748
0, 18, 52448, 91, 3064, 9, 2, 773
1, 35, 51045, 58, 196, 6, 2, 534
0, 9, 56328, 45, 2156, 9, 1, 904
0, 16, 90238, 66, 1547, 8, 2, 367
1, 11, 91925, 31, 1312, 10, 1, 40
0, 4, 92694, 16, 4693, 2, 4, 212
0, 91, 94182, 69, 1443, 7, 3, 174
1, 71, 77194, 52, 1823, 3, 1, 405
0, 51, 91579, 57, 4075, 8, 3, 459
1, 8, 95361, 93, 4263, 5, 2, 128
0, 26, 33013, 100, 4919, 1, 4, 885
0, 49, 68742, 72, 4204, 6, 3, 590
0, 76, 52990, 87, 1705, 10, 2, 906
1, 22, 42968, 50, 2685, 1, 3, 187
0, 60, 65943, 73, 2866, 2, 1, 635
0, 58, 73427, 17, 1887, 1, 2, 848
0, 78, 15087, 74, 1390, 6, 3, 557
1, 77, 14403, 29, 624, 4, 1, 418
1, 18, 62362, 46, 2520, 10, 3, 956
0, 7, 60811, 83, 3390, 3, 2, 555
0, 63, 24749, 85, 4825, 9, 1, 606
0, 94, 40986, 52, 719, 8, 1, 285
1, 99, 76922, 37, 3421, 6, 3, 693
0, 82, 74567, 97, 3179, 6, 1, 844
1, 53, 28939, 79, 4286, 4, 4, 559
1, 77, 52499, 93, 1643, 2, 1, 854
0, 79, 82894, 85, 728, 1, 1, 787
1, 56, 79335, 24, 1872, 1, 1, 137
0, 67, 61932, 96, 3139, 7, 2, 381
0, 95, 87537, 29, 2825, 2, 1, 267
0, 43, 22114, 38, 25, 7, 2, 893
0, 64, 87700, 18, 3530, 9, 4, 924
1, 5, 12403, 26, 1755, 1, 4, 136
0, 43, 78868, 27, 809, 3, 4, 555
0, 66, 11983, 32, 2461, 1, 4, 582
0, 8, 95800, 86, 36, 9, 4, 10
1, 1, 49017, 87, 2893, 2, 3, 625
1, 94, 63972, 23, 284, 3, 1, 154
1, 50, 22785, 31, 2608, 9, 4, 367
1, 36, 54135, 20, 1466, 2, 2, 795
1, 14, 45949, 66, 1231, 5, 1, 89
0, 77, 84140, 25, 3868, 4, 4, 94
0, 12, 94324, 26, 2652, 5, 3, 488
0, 25, 50815, 96, 4836, 2, 3, 895
0, 34, 47674, 39, 2177, 4, 1, 43
0, 84, 54322, 72, 1105, 7, 3, 214
0, 90, 40024, 31, 2609, 10, 4, 818
0, 81, 20111, 23, 1832, 9, 4, 791
1, 56, 66328, 68, 2429, 9, 4, 649
1, 73, 71453, 88, 907, 10, 2, 400
0, 49, 21908, 39, 339, 1, 4, 422
1, 44, 22783, 43, 4247, 5, 1, 372
1, 50, 42679, 82, 2489, 10, 4, 759
0, 66, 20997, 11, 4802, 4, 3, 273
0, 88, 74820, 32, 4735, 3, 4, 87
1, 87, 44789, 37, 182, 3, 2, 890
1, 81, 67031, 52, 3969, 2, 1, 333
1, 34, 94457, 61, 211, 5, 1, 600
1, 89, 91532, 97, 2341, 7, 2, 671
0, 48, 99592, 39, 2818, 5, 4, 556
1, 22, 70206, 40, 1107, 6, 4, 772
1, 27, 83416, 43, 3934, 1, 3, 319
0, 32, 81632, 70, 2751, 8, 4, 203
0, 72, 11485, 65, 2775, 4, 3, 923
0, 58, 34365, 61, 1954, 1, 1, 216
0, 1, 65971, 12, 4371, 1, 2, 25
1, 50, 11799, 70, 3404, 10, 3, 808
1, 23, 10329, 20, 4276, 7, 3, 817
1, 75, 97064, 40, 3273, 3, 1, 22
1, 4, 31437, 17, 4643, 1, 2, 89
1, 24, 57558, 37, 1909, 6, 1, 959
1, 68, 89850, 18, 2032, 7, 1, 102
1, 27, 82524, 21, 1701, 9, 3, 785
0, 52, 30466, 92, 874, 4, 3, 362
1, 34, 67000, 75, 2327, 4, 4, 432
0, 99, 56240, 74, 793, 10, 4, 44
0, 82, 51180, 63, 211, 4, 4, 29
1, 32, 72676, 43, 534, 1, 1, 624
0, 32, 26440, 51, 4072, 3, 1, 359
0, 88, 65549, 50, 4168, 5, 2, 495
1, 76, 95537, 25, 2553, 10, 1, 28
1, 94, 87304, 88, 914, 1, 3, 582
0, 85, 15719, 40, 1617, 6, 1, 43
0, 74, 53412, 82, 2820, 4, 2, 664
0, 71, 65420, 92, 1336, 4, 4, 820
0, 74, 64394, 19, 3575, 1, 4, 752
0, 54, 48511, 40, 3113, 6, 2, 779
1, 10, 15284, 67, 3115, 9, 3, 220
1, 9, 36994, 79, 4406, 2, 3, 114
1, 98, 34580, 69, 1161, 2, 2, 994
0, 46, 41216, 47, 3336, 4, 2, 977
0, 67, 55497, 14, 2577, 3, 1, 534
0, 92, 50369, 89, 3250, 3, 4, 98
0, 42, 41842, 98, 3867, 7, 3, 241
0, 62, 72674, 82, 421, 8, 2, 553
0, 88, 21723, 77, 3915, 3, 2, 396
0, 86, 12792, 70, 4724, 1, 3, 312
1, 14, 82905, 83, 2429, 9, 3, 723
0, 71, 10810, 28, 2445, 7, 2, 165
0, 56, 47198, 58, 2765, 9, 1, 150
0, 41, 17558, 17, 2089, 5, 2, 667
0, 85, 44002, 93, 4733, 6, 3, 611
1, 20, 73942, 23, 1024, 10, 2, 160
0, 74, 80507, 12, 3121, 5, 4, 918
1, 33, 56309, 13, 3113, 8, 1, 803
0, 30, 67007, 36, 1367, 8, 3, 735
1, 58, 66760, 14, 3777, 7, 3, 272
1, 51, 79709, 98, 1936, 4, 3, 718
0, 17, 57217, 41, 1111, 6, 4, 88
1, 42, 38872, 38, 4530, 7, 2, 765
0, 82, 40482, 37, 1746, 5, 1, 390
0, 56, 80758, 84, 508, 5, 3, 471
1, 1, 54844, 95, 3168, 9, 1, 901
0, 42, 30612, 96, 2577, 3, 1, 712
1, 96, 19449, 26, 159, 3, 3, 581
1, 52, 36297, 84, 404, 8, 1, 915
1, 33, 57693, 32, 2170, 7, 2, 6
1, 26, 39393, 53, 2296, 9, 3, 87
0, 97, 21697, 23, 193, 10, 2, 505
1, 34, 88585, 92, 215, 4, 2, 926
1, 40, 33942, 63, 1741, 9, 2, 662
0, 79, 21792, 53, 1914, 6, 2, 12
0, 64, 48587, 80, 4349, 5, 1, 132
0, 58, 32955, 45, 1215, 3, 1, 477
1, 16, 97974, 14, 2959, 2, 1, 566
0, 100, 59353, 74, 1630, 5, 1, 930
0, 82, 95666, 82, 2234, 6, 2, 156
0, 6, 92690, 61, 3307, 4, 2, 215
0, 86, 52579, 41, 3456, 8, 3, 613
1, 42, 98607, 78, 2649, 5, 1, 210
1, 45, 73168, 53, 4540, 10, 1, 999
0, 14, 27892, 51, 94, 10, 2, 430
1, 32, 84453, 64, 1680, 2, 3, 215
0, 25, 28623, 56, 2051, 6, 4, 285
1, 6, 64010, 59, 785, 7, 3, 121
1, 33, 67580, 57, 1394, 1, 3, 230
0, 67, 18431, 43, 4064, 7, 2, 397
1, 71, 40617, 14, 596, 3, 3, 183
1, 94, 87559, 26, 648, 6, 1, 617
1, 46, 40708, 39, 3356, 1, 3, 608
0, 54, 92539, 100, 4627, 1, 2, 249
0, 33, 85062, 63, 3643, 8, 4, 362
0, 34, 41127, 24, 4577, 3, 3, 244
1, 5, 40550, 44, 2945, 1, 3, 748
0, 50, 48967, 40, 4661, 10, 3, 111
0, 7, 24859, 50, 2888, 5, 3, 217
1, 60, 49289, 29, 393, 2, 1, 680
1, 34, 63810, 49, 4174, 7, 1, 358
0, 72, 74622, 81, 3308, 9, 4, 488
1, 2, 19221, 28, 1314, 9, 4, 216
1, 19, 10582, 30, 816, 9, 1, 706
1, 88, 55276, 79, 2888, 8, 1, 920
0, 16, 87908, 99, 3789, 6, 3, 154
0, 90, 75698, 61, 4999, 4, 3, 11
1, 20, 60007, 21, 2504, 3, 4, 73
0, 62, 25531, 39, 3988, 4, 3, 489
1, 92, 62829, 79, 4186, 5, 2, 155
0, 7, 36254, 59, 2629, 9, 3, 277
0, 70, 28567, 93, 420, 7, 2, 446
1, 100, 48165, 70, 4134, 6, 1, 743
0, 52, 33016, 82, 191, 8, 1, 398
1, 93, 96439, 25, 4942, 5, 3, 260
1, 80, 13983, 13, 4874, 6, 3, 370
1, 69, 56315, 10, 1181, 6, 3, 867
0, 25, 72301, 23, 4650, 4, 3, 797
1, 50, 66806, 74, 4710, 6, 4, 977
1, 54, 21634, 79, 4474, 9, 1, 474
0, 9, 74883, 44, 3757, 7, 3, 632
1, 17, 92985, 38, 687, 1, 1, 691
1, 91, 41348, 87, 4180, 4, 4, 361
1, 6, 10187, 71, 2264, 10, 2, 414
0, 58, 89789, 87, 138, 3, 1, 117
1, 73, 17362, 71, 658, 3, 1, 54
0, 45, 40383, 100, 1834, 8, 1, 593
0, 84, 31703, 73, 3581, 9, 1, 919
1, 18, 96875, 11, 3992, 4, 2, 471
0, 70, 47599, 41, 1500, 10, 1, 209
0, 28, 91400, 79, 4390, 3, 4, 542
1, 9, 87464, 38, 3956, 5, 2, 764
1, 39, 20116, 87, 918, 8, 2, 911
1, 32, 46409, 38, 4879, 8, 3, 710
0, 50, 48071, 65, 4399, 6, 4, 52
1, 61, 17948, 96, 2457, 2, 3, 310
0, 52, 98905, 48, 4951, 6, 4, 796
1, 29, 69081, 100, 1952, 1, 2, 263
1, 19, 89384, 54, 3168, 8, 2, 838
0, 85, 32174, 10, 3980, 1, 2, 660
0, 27, 47354, 49, 921, 5, 4, 377
0, 56, 52237, 20, 2412, 7, 2, 862
1, 45, 82361, 90, 1150, 5, 3, 737
1, 53, 44235, 34, 3319, 10, 3, 819
0, 85, 47588, 35, 3169, 2, 4, 66
0, 65, 45471, 78, 1860, 7, 4, 518
0, 47, 31207, 43, 3591, 6, 2, 582
1, 27, 59133, 40, 3894, 2, 2, 390
0, 94, 25960, 63, 2042, 5, 3, 5
1, 24, 45079, 28, 3124, 10, 4, 642
1, 62, 67910, 65, 3525, 8, 3, 780
0, 48, 98676, 67, 2074, 9, 2, 680
0, 14, 72279, 100, 410, 1, 1, 286
0, 92, 46450, 85, 3828, 5, 3, 527
1, 37, 33639, 86, 3071, 1, 1, 948
0, 42, 81383, 98, 4433, 9, 4, 463
1, 100, 63348, 42, 4850, 2, 1, 685
0, 82, 56617, 94, 2310, 5, 1, 696
1, 79, 34167, 58, 3565, 10, 4, 248
1, 9, 96343, 63, 4722, 9, 1, 258
1, 87, 85006, 98, 4881, 8, 3, 503
1, 13, 62446, 64, 1429, 6, 4, 338
0, 54, 47909, 91, 1684, 5, 4, 288
0, 11, 57428, 38, 4817, 3, 1, 469
0, 98, 39651, 31, 1852, 3, 3, 824
1, 83, 31863, 28, 3909, 1, 4, 429
0, 96, 65598, 56, 2289, 9, 1, 665
1, 46, 14804, 38, 1126, 10, 4, 937
0, 12, 17758, 89, 989, 2, 1, 486
1, 75, 69106, 51, 2925, 1, 4, 112
1, 61, 94450, 86, 2279, 3, 2, 886
1, 90, 96662, 81, 524, 9, 3, 953
0, 98, 70676, 73, 4279, 9, 1, 593
1, 71, 89158, 91, 373, 3, 2, 272
1, 55, 19202, 67, 3507, 6, 2, 779
1, 6, 26535, 62, 830, 4, 4, 39
0, 5, 64735, 99, 744, 3, 4, 312
0, 12, 60824, 71, 113, 2, 4, 626
0, 23, 73342, 34, 1798, 10, 2, 310
0, 35, 25931, 78, 2118, 10, 2, 475
0, 67, 62425, 56, 2316, 5, 4, 29
0, 60, 54078, 27, 3224, 10, 4, 699
0, 37, 53359, 54, 150, 4, 3, 467
0, 50, 47638, 66, 72, 9, 3, 839
1, 9, 55744, 100, 3437, 8, 2, 843
0, 16, 55060, 64, 1310, 3, 3, 14
0, 73, 14164, 35, 77, 8, 3, 804
1, 27, 47419, 87, 3317, 7, 1, 683
1, 44, 45762, 78, 2922, 6, 3, 107
1, 39, 68762, 55, 2744, 4, 1, 288
1, 55, 52151, 54, 2715, 8, 1, 291
1, 100, 75224, 18, 673, 4, 3, 898
0, 33, 41082, 90, 3952, 2, 1, 186
1, 80, 87145, 75, 2769, 8, 3, 198
0, 17, 77574, 49, 2150, 10, 3, 230
0, 10, 79814, 74, 1348, 2, 1, 369
1, 21, 16395, 71, 4525, 8, 4, 450
1, 25, 61701, 65, 1658, 4, 1, 290
1, 88, 68102, 11, 4134, 3, 1, 134
1, 53, 31507, 36, 1462, 9, 4, 257
1, 60, 49211, 78, 2943, 5, 1, 288
1, 46, 54590, 98, 999, 9, 4, 822
0, 15, 61769, 30, 3168, 2, 4, 216
1, 72, 10302, 15, 1780, 9, 4, 652
0, 68, 74441, 55, 4253, 10, 2, 706
1, 71, 60896, 14, 4771, 10, 1, 432
1, 30, 23875, 31, 504, 5, 4, 925
0, 2, 40020, 88, 3725, 9, 3, 872
0, 41, 17571, 92, 1342, 5, 4, 64
1, 21, 42327, 45, 2644, 4, 2, 976
0, 7, 72151, 78, 1341, 8, 1, 730
1, 99, 66899, 91, 2964, 7, 3, 663
1, 66, 66849, 93, 3263, 1, 2, 834
1, 30, 84152, 53, 3909, 10, 2, 567
1, 85, 67799, 57, 4764, 10, 4, 704
1, 30, 52931, 22, 4143, 8, 3, 210
1, 84, 96997, 28, 4890, 8, 3, 903
0, 53, 22128, 38, 2138, 8, 2, 558
0, 4, 97849, 85, 3010, 10, 4, 778
0, 34, 70402, 62, 4106, 2, 2, 354
0, 49, 83317, 11, 3619, 2, 3, 979
0, 23, 60239, 97, 5000, 3, 4, 144
0, 48, 25890, 54, 1717, 1, 4, 706
0, 45, 45697, 89, 2092, 4, 2, 430
0, 73, 43226, 67, 4102, 3, 1, 250
1, 14, 71433, 99, 490, 3, 1, 917
1, 69, 24467, 19, 3039, 10, 1, 862
0, 15, 83675, 90, 120, 2, 2, 108
1, 11, 31715, 36, 4436, 8, 2, 803
1, 50, 49512, 75, 2955, 8, 3, 711
0, 22, 28379, 92, 4553, 10, 4, 917
1, 35, 58876, 52, 3810, 7, 3, 748
1, 22, 28301, 14, 3383, 2, 1, 442
1, 85, 95828, 70, 1495, 5, 1, 261
0, 72, 16506, 63, 2831, 5, 3, 457
1, 51, 75535, 98, 2835, 2, 3, 878
0, 38, 60498, 78, 1824, 4, 1, 326
1, 88, 44848, 28, 2919, 5, 4, 262
1, 96, 23654, 95, 2169, 7, 3, 617
0, 38, 49629, 27, 1660, 3, 2, 600
0, 48, 33366, 10, 2416, 6, 3, 746
0, 44, 70158, 62, 4868, 5, 3, 180
0, 64, 10656, 34, 4028, 6, 2, 161
1, 93, 91093, 18, 1897, 7, 3, 876
1, 94, 69329, 78, 4439, 5, 2, 481
0, 70, 25451, 73, 3824, 4, 2, 969
0, 68, 29601, 32, 2641, 8, 4, 409
1, 11, 94625, 70, 1084, 7, 1, 727
0, 1, 27343, 61, 4646, 6, 3, 754
0, 89, 25365, 64, 2633, 10, 1, 97
1, 76, 69502, 16, 2564, 5, 1, 527
1, 51, 45306, 89, 871, 2, 4, 374
1, 49, 35657, 60, 3403, 7, 3, 791
0, 26, 85658, 36, 4816, 7, 1, 945
0, 90, 73117, 59, 4440, 7, 2, 62
1, 12, 10883, 79, 1811, 4, 2, 273
1, 19, 76639, 61, 4333, 7, 4, 711
1, 31, 68446, 56, 2610, 10, 3, 352
0, 31, 60950, 35, 3522, 7, 1, 774
0, 99, 90872, 19, 4064, 6, 4, 735
1, 74, 82463, 27, 829, 9, 3, 473
1, 98, 77681, 78, 734, 9, 4, 654
1, 8, 90617, 28, 3106, 5, 3, 477
0, 24, 25655, 42, 1265, 10, 3, 526
0, 36, 83205, 21, 3872, 1, 3, 248
0, 84, 29826, 24, 3262, 6, 1, 998
1, 98, 60193, 36, 2068, 6, 2, 302
1, 85, 42075, 32, 3849, 7, 2, 804
1, 57, 58226, 41, 3275, 2, 1, 886
0, 95, 14490, 67, 1067, 8, 2, 774
0, 72, 41351, 22, 3633, 10, 4, 778
1, 46, 19698, 32, 2332, 6, 1, 69
1, 87, 88366, 29, 3560, 10, 4, 474
0, 25, 15183, 71, 4048, 3, 4, 396
0, 85, 26112, 16, 4914, 2, 4, 699
0, 12, 30465, 49, 84, 6, 4, 521
0, 72, 24207, 60, 810, 5, 2, 945
0, 60, 62201, 63, 37, 5, 3, 692
1, 98, 50450, 16, 3929, 8, 2, 290
1, 59, 81090, 61, 1951, 7, 3, 412
0, 18, 14650, 76, 3848, 8, 2, 77
0, 30, 22139, 23, 3253, 8, 1, 515
0, 29, 73232, 66, 2437, 2, 3, 373
1, 22, 79379, 75, 2352, 8, 3, 363
0, 54, 10344, 65, 3080, 4, 3, 609
0, 42, 97879, 26, 3351, 6, 4, 182
1, 1, 69428, 67, 4440, 8, 4, 791
1, 89, 36054, 59, 3958, 4, 3, 746
0, 3, 31911, 60, 4950, 8, 2, 998
1, 19, 89651, 85, 759, 6, 1, 393
0, 66, 98575, 33, 3626, 2, 2, 862
1, 39, 66266, 57, 742, 2, 2, 204
0, 85, 85032, 88, 1652, 10, 3, 951
1, 60, 25060, 19, 3566, 9, 2, 625
1, 73, 25249, 55, 1677, 1, 4, 292
0, 15, 11042, 45, 3158, 3, 3, 1000
1, 76, 96613, 38, 2052, 4, 4, 42
0, 56, 19235, 72, 2397, 5, 4, 575
1, 80, 82056, 28, 1052, 4, 4, 658
1, 60, 50050, 17, 2960, 5, 4, 361
0, 5, 98206, 90, 146, 9, 3, 22
1, 42, 42838, 22, 3077, 5, 4, 963
0, 95, 12758, 32, 4648, 10, 3, 939
1, 81, 19604, 94, 3902, 7, 3, 575
1, 46, 93172, 30, 1255, 4, 4, 705
0, 13, 61366, 40, 4311, 3, 1, 845
0, 21, 59156, 13, 4475, 7, 4, 588
0, 92, 48926, 28, 3046, 4, 1, 993
1, 3, 84387, 84, 1810, 6, 4, 126
0, 4, 83991, 34, 1984, 3, 2, 946
0, 36, 73250, 12, 347, 2, 4, 28
0, 3, 28456, 79, 776, 3, 2, 561
0, 25, 95479, 77, 3669, 9, 4, 938
1, 80, 41359, 66, 2699, 8, 4, 891
0, 27, 84033, 81, 2573, 10, 4, 709
1, 97, 20549, 82, 4485, 8, 3, 556
0, 80, 49890, 75, 4603, 3, 1, 203
0, 82, 65196, 40, 1016, 7, 4, 208
1, 69, 48015, 61, 883, 5, 1, 140
1, 16, 41574, 11, 4948, 7, 3, 920
1, 31, 53208, 89, 316, 4, 3, 534
0, 85, 75379, 31, 1889, 1, 4, 894
1, 83, 62537, 36, 4644, 10, 3, 132
1, 48, 26312, 14, 4903, 3, 4, 687
0, 7, 14426, 57, 768, 4, 2, 651
0, 17, 27703, 27, 4996, 5, 2, 155
1, 66, 87555, 83, 4443, 5, 3, 762
1, 33, 25406, 30, 3926, 3, 4, 653
1, 49, 73768, 77, 1702, 8, 3, 860
0, 74, 24105, 93, 1010, 6, 2, 238
0, 28, 85699, 56, 405, 3, 2, 578
1, 82, 76001, 66, 197, 10, 3, 405
1, 24, 88497, 40, 2142, 3, 1, 322
0, 39, 41665, 65, 3319, 5, 2, 603
1, 15, 21867, 39, 426, 4, 3, 95
0, 81, 51172, 29, 1165, 1, 2, 234
1, 61, 71488, 53, 2960, 2, 4, 153
0, 12, 97187, 50, 3160, 1, 1, 245
1, 45, 57978, 92, 3474, 6, 4, 595
0, 39, 86533, 72, 4989, 10, 4, 983
1, 93, 41833, 12, 2515, 1, 2, 518
0, 35, 40135, 70, 4653, 7, 2, 593
1, 44, 44478, 40, 78, 4, 1, 706
0, 90, 66639, 98, 4808, 7, 2, 374
0, 99, 60437, 65, 512, 7, 3, 4
0, 60, 62551, 74, 2041, 7, 1, 152
1, 46, 90999, 92, 3188, 8, 4, 217
0, 45, 34241, 63, 3857, 6, 1, 580
0, 7, 52249, 76, 3334, 10, 1, 988
0, 69, 72811, 99, 253, 10, 3, 836
1, 68, 15125, 15, 4059, 8, 3, 794
1, 42, 76612, 61, 1871, 6, 2, 431
0, 90, 29148, 44, 4670, 2, 4, 421
1, 11, 96869, 43, 3852, 7, 3, 106
0, 47, 36079, 46, 60, 8, 2, 865
1, 81, 70743, 86, 682, 9, 3, 187
1, 86, 70342, 43, 282, 6, 2, 216
0, 9, 77242, 74, 2964, 5, 2, 518
0, 93, 86765, 82, 4115, 4, 3, 409
1, 65, 54161, 36, 3755, 3, 1, 700
1, 60, 11892, 54, 2285, 10, 4, 154
1, 55, 23501, 83, 4665, 2, 4, 393
0, 57, 20733, 90, 4306, 1, 4, 933
1, 92, 68683, 77, 1648, 5, 2, 819
1, 12, 94166, 64, 3918, 9, 2, 92
0, 38, 91911, 53, 4986, 6, 4, 822
0, 51, 69616, 71, 559, 8, 1, 997
0, 7, 14367, 98, 4813, 1, 4, 891
1, 14, 76079, 31, 3949, 8, 2, 23
0, 48, 83300, 66, 2068, 9, 3, 709
0, 23, 40135, 41, 2213, 9, 3, 580
0, 70, 38402, 37, 2254, 3, 2, 306
0, 72, 48203, 79, 2083, 10, 1, 1
1, 34, 59941, 76, 1691, 10, 1, 328
0, 13, 30540, 95, 3300, 4, 1, 558
1, 28, 19007, 89, 2778, 9, 3, 390
1, 53, 74423, 29, 304, 9, 4, 339
0, 92, 36524, 45, 1176, 3, 4, 631
0, 79, 41481, 59, 3477, 2, 4, 156
1, 97, 17691, 59, 349, 4, 1, 32
1, 34, 68883, 92, 1201, 2, 4, 130
0, 46, 28425, 82, 2318, 9, 2, 673
1, 52, 67161, 38, 2937, 2, 3, 426
1, 9, 64037, 60, 2668, 9, 2, 815
0, 84, 76811, 31, 620, 6, 1, 871
1, 2, 46627, 34, 2021, 4, 3, 685
1, 97, 67341, 92, 3484, 10, 1, 505
0, 84, 30532, 12, 2813, 8, 2, 616
0, 34, 84574, 61, 3081, 8, 2, 231
0, 26, 13657, 49, 442, 6, 3, 967
0, 75, 76105, 31, 4909, 10, 3, 497
0, 7, 22902, 78, 4876, 1, 4, 853
1, 60, 19083, 64, 1251, 7, 1, 242
0, 15, 83065, 68, 3437, 1, 4, 278
0, 76, 96257, 95, 2422, 2, 2, 106
0, 62, 13603, 43, 3653, 3, 3, 409
1, 42, 46909, 75, 959, 6, 3, 521
0, 63, 37415, 46, 2293, 10, 2, 499
1, 89, 65506, 49, 1310, 3, 1, 366
0, 41, 20099, 81, 1215, 5, 1, 401
0, 34, 42159, 76, 4172, 4, 3, 323
1, 46, 77667, 18, 1792, 2, 3, 41
0, 61, 69750, 83, 308, 7, 3, 520
1, 58, 38072, 43, 4217, 1, 2, 406
1, 33, 54147, 95, 584, 2, 3, 266
1, 12, 55720, 27, 4514, 1, 4, 932
0, 19, 86419, 76, 3913, 7, 4, 9
1, 6, 34546, 90, 2154, 8, 4, 348
1, 10, 65159, 38, 4998, 7, 1, 794
1, 68, 83337, 48, 4102, 1, 3, 707
1, 96, 40538, 22, 3870, 6, 4, 155
1, 64, 39198, 67, 3794, 7, 2, 116
1, 38, 54316, 71, 1436, 9, 4, 510
0, 44, 99433, 61, 655, 3, 1, 973
0, 85, 29530, 59, 466, 4, 1, 11
1, 13, 94974, 97, 156, 10, 4, 217
0, 100, 38315, 64, 2729, 5, 1, 416
1, 61, 60715, 55, 3718, 4, 3, 9
0, 76, 96537, 67, 497, 1, 4, 793
0, 5, 11668, 91, 4726, 10, 1, 436
0, 91, 74054, 61, 4775, 5, 4, 999
0, 50, 97602, 81, 1430, 5, 3, 174
1, 86, 16007, 78, 2489, 9, 3, 741
1, 78, 98893, 63, 2227, 6, 2, 515
1, 65, 86633, 92, 2134, 3, 2, 190
1, 54, 66137, 85, 419, 2, 3, 384
0, 75, 84890, 94, 2987, 7, 3, 572
1, 87, 40398, 20, 2428, 5, 1, 203
0, 22, 51477, 63, 86, 10, 3, 642
1, 81, 13989, 21, 166, 1, 3, 620
1, 15, 50009, 67, 4570, 6, 2, 176
1, 93, 23145, 47, 2975, 5, 2, 901
1, 94, 42462, 94, 528, 9, 1, 468
0, 12, 80406, 62, 4364, 4, 4, 330
1, 56, 68046, 17, 1420, 5, 2, 200
1, 1, 74767, 57, 4131, 8, 2, 539
0, 49, 35058, 52, 2210, 4, 1, 576
1, 4, 88276, 17, 1446, 7, 1, 87
0, 21, 65234, 92, 2864, 3, 3, 314
0, 46, 74311, 49, 1539, 4, 2, 240
1, 71, 87911, 88, 3063, 7, 1, 510
0, 83, 44073, 59, 3775, 3, 4, 157
1, 11, 80470, 46, 1019, 9, 2, 283
0, 59, 80871, 40, 4206, 9, 3, 326
0, 73, 97919, 67, 2991, 9, 3, 618
1, 96, 10648, 12, 583, 9, 3, 951
1, 27, 63246, 42, 2744, 10, 1, 690
1, 23, 83375, 28, 1750, 4, 2, 354
1, 9, 57089, 71, 4511, 1, 3, 589
1, 36, 85291, 39, 2650, 10, 4, 230
0, 45, 63882, 19, 4097, 7, 3, 710
1, 57, 62314, 86, 4374, 3, 1, 890
0, 1, 31201, 96, 3887, 3, 3, 311
0, 83, 63668, 11, 4103, 1, 3, 515
0, 9, 89858, 29, 431, 7, 4, 698
1, 63, 52546, 11, 3175, 10, 4, 206
1, 33, 28808, 93, 3282, 2, 1, 991
0, 42, 72717, 70, 408, 5, 2, 954
1, 49, 51336, 92, 3140, 7, 4, 850
1, 31, 32467, 10, 45, 6, 4, 558
1, 70, 88684, 94, 4513, 4, 3, 492
0, 93, 96164, 15, 3671, 10, 3, 777
0, 26, 91037, 79, 1047, 9, 3, 13
1, 28, 34593, 93, 4089, 7, 3, 161
1, 39, 83358, 85, 3955, 7, 1, 739
1, 47, 18116, 17, 2089, 9, 1, 158
0, 67, 89668, 38, 1227, 5, 1, 564
1, 14, 71484, 68, 2406, 1, 4, 315
1, 1, 99664, 89, 3676, 9, 2, 790
1, 3, 67387, 98, 186, 7, 4, 721
1, 81, 79636, 32, 1240, 5, 4, 824
0, 68, 21874, 38, 2227, 10, 4, 45
1, 24, 32157, 49, 852, 5, 3, 916
0, 15, 11783, 78, 129, 4, 1, 883
0, 22, 93003, 74, 2463, 7, 4, 581
1, 59, 81422, 62, 1858, 8, 3, 27
0, 57, 85868, 72, 4578, 9, 3, 9
0, 53, 69910, 18, 2521, 2, 1, 793
0, 21, 11865, 39, 3948, 1, 2, 117
0, 21, 19514, 51, 4158, 4, 2, 285
1, 50, 50476, 94, 1287, 6, 4, 495
0, 75, 87698, 26, 1195, 3, 2, 311
1, 65, 71302, 29, 4226, 5, 3, 333
1, 20, 19808, 49, 129, 10, 2, 564
1, 53, 31241, 27, 2160, 1, 3, 409
1, 99, 82062, 59, 504, 8, 3, 964
0, 12, 46843, 84, 2618, 5, 1, 775
1, 62, 15296, 74, 3509, 2, 3, 885
0, 12, 56269, 93, 1351, 8, 2, 220
0, 25, 39909, 88, 1122, 9, 1, 585
1, 39, 66039, 88, 3602, 7, 1, 410
0, 58, 18196, 100, 1403, 3, 2, 602
0, 70, 16899, 55, 793, 3, 3, 636
1, 14, 78946, 53, 4018, 3, 4, 683
0, 74, 58840, 39, 3981, 2, 1, 562
1, 40, 97354, 91, 4347, 5, 4, 549
1, 16, 73577, 44, 3742, 2, 4, 465
1, 63, 55964, 96, 1582, 9, 1, 148
1, 6, 57590, 85, 769, 9, 1, 759
0, 69, 15239, 43, 3668, 7, 1, 757
0, 20, 88231, 90, 620, 8, 3, 356
1, 49, 77955, 22, 755, 4, 3, 134
0, 51, 57478, 30, 1657, 5, 2, 586
0, 47, 85140, 20, 2665, 8, 1, 460
1, 93, 96796, 65, 1261, 7, 4, 218
0, 24, 52156, 96, 2020, 6, 3, 826
0, 90, 13871, 96, 1456, 9, 1, 243
1, 94, 77266, 93, 2115, 2, 1, 749
1, 64, 49175, 46, 1270, 3, 4, 390
0, 66, 59033, 84, 598, 5, 1, 284
0, 97, 35166, 36, 415, 6, 4, 463
0, 43, 46718, 47, 2894, 8, 4, 884
1, 8, 97820, 29, 842, 6, 2, 43
1, 53, 27542, 90, 2505, 3, 2, 653
0, 4, 58471, 71, 4253, 5, 2, 400
1, 33, 87140, 64, 4043, 3, 1, 733
0, 56, 69110, 63, 4720, 3, 3, 686
1, 30, 55046, 50, 4676, 4, 1, 111
1, 73, 23770, 44, 2155, 4, 1, 186
1, 25, 12101, 18, 2530, 5, 2, 958
1, 42, 94315, 18, 2445, 5, 2, 251
1, 34, 35154, 92, 3956, 3, 4, 988
0, 81, 26050, 47, 980, 9, 2, 454
1, 41, 11931, 56, 4521, 8, 1, 349
0, 56, 93489, 62, 3030, 6, 1, 624
1, 12, 57639, 73, 3149, 9, 1, 765
1, 16, 89914, 24, 4516, 5, 3, 769
0, 39, 63176, 48, 1240, 5, 4, 803
0, 37, 62895, 78, 2376, 10, 2, 841
1, 30, 28629, 24, 3885, 10, 4, 711
0, 29, 76195, 35, 2148, 6, 4, 672
1, 94, 16580, 82, 1346, 4, 3, 78
1, 85, 83897, 70, 2764, 4, 3, 935
1, 5, 85525, 13, 23, 2, 1, 442
0, 14, 22587, 76, 1871, 5, 2, 543
1, 33, 31692, 47, 1289, 2, 4, 1
1, 55, 88923, 91, 1103, 6, 3, 146
0, 40, 75465, 76, 106, 4, 2, 523
0, 35, 30627, 96, 43, 10, 1, 469
1, 59, 91820, 45, 3917, 2, 4, 526
0, 23, 66244, 25, 826, 10, 4, 305
0, 45, 66437, 31, 1691, 5, 1, 30
0, 34, 76528, 19, 2866, 9, 1, 773
1, 96, 29342, 77, 1224, 6, 3, 478
0, 38, 56829, 13, 2781, 2, 1, 899
1, 14, 92014, 67, 4743, 3, 3, 679
0, 28, 28855, 57, 5000, 2, 1, 871
0, 64, 94566, 87, 3246, 3, 2, 248
0, 42, 65367, 35, 4860, 9, 1, 408
0, 27, 80122, 21, 3708, 8, 4, 612
0, 50, 32053, 49, 3034, 6, 2, 993
0, 34, 51486, 57, 2131, 6, 3, 393
1, 44, 88131, 95, 3354, 9, 4, 692
1, 63, 96758, 99, 24, 7, 3, 975
0, 56, 82611, 42, 3284, 1, 1, 220
1, 27, 60188, 44, 3779, 8, 1, 592
1, 5, 66708, 43, 3680, 5, 4, 45
0, 65, 18457, 45, 2331, 2, 4, 392
0, 48, 30320, 88, 3682, 7, 2, 458
0, 2, 20509, 42, 2000, 10, 1, 46
0, 4, 47599, 19, 4731, 7, 1, 31
1, 3, 40892, 64, 1757, 5, 1, 153
0, 14, 28330, 51, 4360, 4, 4, 365
0, 32, 67426, 29, 3228, 1, 3, 506
0, 14, 24217, 21, 300, 4, 3, 19
0, 65, 69953, 73, 2671, 1, 2, 97
1, 46, 25385, 10, 3517, 2, 2, 330
1, 40, 42769, 47, 4036, 8, 2, 267
0, 81, 17323, 19, 1256, 1, 2, 372
0, 15, 76189, 86, 155, 7, 1, 805
0, 55, 98964, 20, 825, 6, 2, 137
1, 91, 32235, 88, 4540, 2, 4, 101
0, 34, 96436, 58, 536, 2, 3, 531
1, 2, 50525, 25, 1062, 5, 1, 455
0, 31, 60992, 20, 3699, 2, 3, 657
1, 53, 39785, 12, 1920, 6, 4, 732
0, 98, 25619, 93, 2087, 6, 4, 974
1, 41, 79339, 10, 3300, 6, 1, 244
1, 8, 92524, 88, 4601, 5, 3, 232
1, 47, 65059, 75, 2564, 7, 3, 967
1, 100, 87022, 49, 2893, 6, 2, 26
1, 94, 91588, 52, 4014, 2, 1, 605
0, 25, 82490, 65, 855, 8, 4, 345
0, 95, 29146, 93, 3015, 7, 3, 277
1, 28, 12460, 85, 3418, 6, 3, 108
0, 65, 26982, 73, 369, 5, 4, 376
0, 8, 78595, 71, 3375, 9, 4, 542
0, 9, 70085, 16, 3438, 1, 3, 442
1, 36, 12619, 31, 2137, 1, 4, 579
1, 75, 92146, 25, 738, 9, 4, 270
0, 44, 68334, 10, 2767, 10, 4, 67
1, 82, 99953, 54, 3967, 5, 4, 947
0, 48, 66622, 14, 3386, 5, 4, 916
1, 63, 47509, 11, 3797, 3, 4, 575
1, 59, 84771, 16, 23, 10, 4, 912
1, 60, 88206, 82, 809, 8, 1, 354
0, 2, 94340, 35, 386, 6, 4, 811
0, 36, 99961, 51, 4182, 9, 3, 542
0, 81, 63310, 65, 1246, 8, 4, 53
1, 3, 86477, 91, 2413, 4, 4, 791
0, 17, 56171, 41, 4321, 2, 4, 174
0, 54, 78538, 14, 686, 10, 1, 391
1, 92, 26641, 52, 4205, 7, 2, 887
0, 35, 80905, 97, 4697, 10, 4, 637
0, 6, 31538, 51, 3061, 8, 1, 297
1, 44, 65974, 69, 1368, 10, 2, 394
1, 27, 16626, 61, 902, 1, 2, 263
1, 86, 73772, 92, 1427, 10, 3, 714
0, 18, 50163, 97, 1052, 1, 1, 261
1, 29, 12513, 51, 3528, 8, 2, 647
0, 36, 88871, 81, 2824, 8, 1, 857
0, 27, 41092, 50, 658, 6, 3, 253
1, 1, 24655, 38, 4913, 6, 1, 552
1, 58, 66737, 42, 309, 9, 3, 967
1, 42, 52473, 21, 731, 1, 1, 906
0, 63, 14114, 23, 3331, 5, 3, 659
0, 82, 63214, 17, 1155, 6, 1, 474
0, 29, 36083, 48, 4093, 9, 3, 791
0, 100, 22507, 36, 1675, 3, 4, 807
0, 19, 63688, 88, 2376, 7, 1, 519
1, 56, 24376, 81, 1543, 9, 2, 242
0, 91, 95001, 54, 2617, 2, 2, 547
0, 11, 65493, 100, 2268, 1, 2, 878
1, 92, 12615, 70, 3345, 2, 3, 156
0, 19, 69973, 50, 4491, 9, 4, 743
1, 79, 34743, 87, 1970, 8, 3, 813
1, 65, 72929, 99, 3078, 9, 2, 803
0, 12, 43747, 26, 1049, 1, 2, 110
1, 100, 59656, 16, 3729, 5, 2, 229
0, 12, 51224, 30, 2785, 9, 3, 553
0, 96, 61832, 32, 3113, 8, 2, 324
0, 73, 74718, 98, 1143, 2, 1, 385
1, 85, 56813, 56, 4602, 3, 2, 281
1, 3, 38639, 80, 4193, 9, 2, 460
1, 29, 66889, 71, 2751, 8, 2, 292
0, 45, 95844, 82, 548, 7, 4, 835
0, 30, 78127, 63, 2608, 6, 1, 407
0, 10, 92903, 64, 4907, 7, 3, 693
1, 18, 58882, 16, 3492, 6, 3, 572
0, 16, 13018, 77, 1064, 5, 3, 898
0, 49, 88621, 57, 2485, 9, 2, 96
1, 69, 33852, 17, 2462, 8, 3, 284
0, 75, 79127, 30, 194, 4, 4, 210
0, 54, 41868, 16, 691, 9, 3, 13
0, 77, 97005, 85, 2537, 7, 4, 777
0, 48, 49803, 90, 4123, 4, 3, 604
0, 49, 99754, 77, 3314, 7, 2, 246
1, 82, 31533, 46, 3593, 8, 4, 435
0, 64, 11367, 23, 4824, 1, 3, 849
0, 49, 33788, 24, 4959, 2, 3, 517
0, 17, 30583, 56, 4988, 3, 4, 216
1, 25, 26329, 11, 1665, 9, 3, 282
0, 85, 59920, 13, 396, 1, 1, 936
0, 12, 64700, 28, 431, 8, 4, 753
1, 35, 17843, 74, 1680, 1, 1, 103
1, 12, 43242, 11, 3562, 2, 3, 602
1, 2, 24852, 94, 1304, 1, 4, 106
1, 79, 18997, 27, 4499, 10, 4, 953
1, 8, 59935, 32, 4837, 4, 3, 378
1, 73, 82185, 74, 3424, 3, 4, 848
0, 23, 47366, 15, 3757, 8, 3, 440
0, 47, 79671, 97, 4773, 7, 1, 886
0, 91, 13389, 31, 839, 4, 2, 990
1, 23, 85742, 61, 2853, 7, 4, 763
0, 56, 98807, 40, 535, 6, 1, 239
0, 15, 70827, 24, 2502, 3, 1, 10
0, 6, 15140, 47, 4491, 8, 2, 814
1, 38, 78888, 65, 3334, 9, 2, 109
0, 65, 29220, 75, 1342, 2, 1, 187
0, 96, 31775, 55, 4909, 9, 3, 671
0, 91, 18581, 37, 2098, 5, 4, 853
1, 18, 45887, 26, 2657, 7, 3, 250
0, 6, 56160, 44, 2078, 10, 4, 214
0, 98, 32316, 73, 1719, 4, 2, 112
1, 89, 17848, 33, 3844, 7, 3, 186
1, 59, 11238, 47, 4362, 4, 4, 720
0, 73, 87296, 57, 3547, 10, 2, 767
0, 64, 60255, 49, 1531, 6, 3, 866
1, 80, 24242, 11, 3707, 8, 4, 321
1, 91, 92607, 28, 430, 1, 4, 295
0, 22, 34847, 29, 4782, 9, 1, 746
1, 31, 87882, 100, 4274, 4, 1, 782
0, 41, 17707, 71, 4215, 2, 1, 108
0, 10, 37689, 22, 4011, 10, 1, 773
0, 45, 20339, 64, 2609, 4, 4, 976
1, 36, 43416, 31, 2724, 9, 1, 475
0, 12, 64913, 34, 176, 5, 3, 869
1, 28, 43123, 95, 4610, 4, 1, 654
0, 57, 67346, 79, 1273, 7, 4, 960
1, 45, 34320, 76, 3769, 2, 4, 442
1, 59, 92068, 12, 4250, 4, 1, 356
1, 15, 57797, 79, 1714, 3, 3, 191
1, 84, 86084, 93, 304, 10, 1, 576
1, 24, 15250, 82, 3041, 5, 4, 543
1, 3, 84398, 33, 967, 7, 3, 513
1, 29, 72078, 85, 1345, 4, 3, 136
1, 52, 25129, 78, 307, 1, 2, 601
1, 84, 25634, 13, 1746, 9, 2, 191
0, 46, 12114, 64, 3215, 6, 3, 281
0, 46, 38218, 80, 304, 6, 4, 294
0, 73, 42803, 99, 1156, 3, 4, 930
0, 68, 75610, 78, 3198, 3, 1, 191
0, 12, 89715, 67, 3352, 3, 2, 379
1, 78, 90550, 11, 1550, 2, 3, 74
1, 5, 39099, 14, 3692, 8, 2, 331
0, 52, 11670, 56, 1275, 6, 3, 210
1, 20, 15534, 47, 4836, 7, 1, 631
1, 39, 48074, 58, 2861, 7, 3, 732
0, 57, 48528, 36, 3305, 8, 4, 856
0, 16, 18973, 53, 4714, 3, 1, 407
1, 43, 72980, 57, 2134, 8, 3, 963
0, 7, 83288, 45, 3161, 5, 3, 477
1, 99, 31767, 60, 4669, 10, 3, 995
1, 9, 61736, 20, 1359, 1, 4, 228
0, 97, 90793, 19, 432, 6, 4, 447
1, 85, 75909, 78, 4468, 3, 4, 599
1, 98, 84042, 31, 757, 9, 4, 102
1, 29, 62554, 55, 2706, 6, 2, 252
0, 53, 40510, 49, 4381, 6, 2, 745
0, 55, 65637, 71, 2317, 5, 2, 922
0, 96, 74365, 96, 2259, 7, 3, 5
0, 82, 31859, 44, 1015, 1, 1, 635
0, 15, 28866, 37, 1912, 2, 2, 220
0, 33, 65368, 19, 1443, 7, 3, 392
0, 15, 29108, 50, 4132, 4, 1, 776
0, 59, 11443, 36, 839, 3, 3, 646
1, 22, 28277, 79, 2745, 2, 4, 737
0, 81, 74996, 80, 2682, 2, 2, 432
1, 95, 98433, 94, 499, 4, 1, 670
1, 53, 60324, 74, 1413, 5, 3, 297
1, 53, 83285, 69, 1349, 9, 2, 286
0, 3, 98795, 66, 4581, 8, 4, 621
0, 37, 73906, 59, 1919, 10, 3, 353
1, 94, 99075, 16, 2865, 4, 4, 595
0, 91, 43315, 79, 2961, 10, 3, 440
1, 17, 96312, 59, 2525, 6, 3, 56
0, 62, 94089, 82, 438, 1, 3, 675
1, 56, 15197, 38, 1387, 7, 3, 560
1, 57, 48197, 11, 1196, 9, 2, 517
0, 58, 49687, 25, 1126, 7, 1, 796
1, 95, 32565, 11, 3679, 10, 4, 384
1, 53, 62149, 45, 4380, 9, 3, 919
1, 18, 94270, 59, 1065, 10, 1, 162
1, 99, 52687, 20, 4127, 8, 1, 5
0, 47, 67161, 41, 3916, 3, 1, 148
0, 80, 23628, 90, 80, 9, 3, 228
1, 30, 95642, 54, 4465, 1, 1, 632
0, 49, 13982, 34, 3575, 4, 4, 522
0, 78, 97740, 20, 2716, 3, 2, 495
1, 62, 61540, 36, 3590, 1, 1, 364
0, 2, 56324, 80, 1749, 7, 1, 278
0, 100, 33584, 69, 2268, 10, 3, 647
1, 65, 50355, 79, 1439, 1, 1, 472
1, 45, 20400, 56, 1214, 2, 3, 277
1, 4, 11502, 92, 2893, 3, 2, 783
0, 57, 13935, 90, 122, 10, 3, 9
0, 18, 36299, 24, 1409, 7, 2, 677
1, 34, 54600, 87, 2167, 10, 1, 769
0, 60, 61970, 91, 1408, 10, 3, 182
1, 90, 36025, 19, 177, 8, 3, 923
1, 21, 48876, 22, 3430, 4, 4, 301
0, 92, 94936, 13, 566, 1, 1, 248
1, 45, 97778, 56, 4445, 2, 1, 303
1, 85, 95590, 40, 2415, 6, 1, 151
1, 51, 97778, 76, 845, 3, 2, 271
0, 77, 24766, 63, 4399, 9, 2, 951
0, 35, 11271, 94, 2435, 6, 4, 300
0, 96, 44993, 87, 314, 8, 4, 648
0, 69, 92595, 70, 300, 7, 2, 445
1, 71, 27626, 14, 1841, 5, 2, 941
0, 84, 42951, 91, 4679, 1, 4, 940
0, 30, 55255, 28, 64, 3, 1, 145
1, 85, 44595, 30, 2439, 4, 1, 803
0, 38, 54196, 71, 2511, 4, 1, 172
1, 86, 11215, 99, 579, 8, 2, 648
0, 24, 51155, 66, 935, 6, 4, 893
0, 22, 99701, 73, 4965, 5, 4, 285
0, 72, 19465, 41, 889, 4, 2, 79
0, 96, 75891, 59, 2010, 8, 4, 853
1, 42, 38589, 50, 2993, 2, 1, 732
1, 90, 19079, 59, 2915, 6, 3, 973
0, 79, 21333, 49, 4959, 9, 3, 783
0, 62, 62201, 41, 2889, 8, 1, 950
1, 40, 51924, 20, 191, 4, 1, 829
0, 44, 15130, 29, 845, 6, 1, 103
1, 100, 25189, 15, 2994, 6, 4, 507
1, 60, 59705, 33, 2488, 9, 1, 473
1, 10, 91298, 11, 801, 5, 3, 785
1, 18, 56851, 50, 2112, 6, 4, 555
1, 20, 82371, 47, 1110, 9, 4, 443
1, 76, 33323, 30, 136, 3, 4, 943
0, 72, 89408, 89, 2554, 5, 3, 436
1, 49, 72192, 60, 3313, 8, 1, 837
1, 39, 94388, 28, 4441, 10, 1, 477
1, 62, 79433, 94, 3209, 9, 2, 263
1, 71, 60440, 69, 4025, 8, 2, 76
1, 88, 65021, 29, 2544, 6, 1, 46
1, 6, 72901, 70, 3598, 9, 2, 97
1, 37, 62093, 24, 3687, 6, 1, 665
0, 86, 94538, 76, 4498, 4, 2, 543
0, 99, 48865, 69, 3470, 9, 4, 248
1, 76, 66285, 92, 1534, 5, 2, 315
1, 21, 88056, 71, 4280, 9, 3, 532
0, 93, 13516, 91, 4884, 4, 1, 668
1, 10, 90737, 61, 2004, 4, 3, 778
0, 83, 14389, 80, 1955, 9, 2, 495
1, 18, 32734, 68, 3034, 2, 4, 205
0, 78, 24345, 21, 1481, 7, 3, 469
0, 54, 96756, 26, 2328, 4, 3, 99
1, 55, 33818, 14, 178, 2, 2, 238
1, 24, 55160, 70, 89, 7, 2, 490
1, 61, 44407, 39, 1069, 6, 2, 440
0, 57, 27481, 89, 4500, 3, 1, 366
1, 13, 14363, 96, 2964, 4, 2, 808
0, 65, 66383, 35, 4502, 8, 3, 562
1, 97, 27936, 97, 2128, 7, 1, 209
0, 98, 92439, 70, 3807, 3, 4, 223
1, 82, 97107, 83, 3534, 8, 2, 49
0, 52, 97153, 20, 4614, 7, 3, 972
0, 69, 34606, 32, 164, 3, 2, 195
1, 6, 33239, 38, 4626, 10, 4, 147
1, 86, 71395, 17, 1620, 7, 1, 365
1, 61, 22929, 24, 783, 9, 4, 868
0, 9, 49733, 84, 1308, 1, 2, 780
0, 11, 60156, 55, 3114, 8, 1, 782
0, 95, 37252, 27, 774, 3, 2, 590
0, 3, 72310, 23, 3147, 5, 2, 654
1, 44, 38500, 96, 981, 2, 1, 75
0, 96, 12285, 75, 3040, 7, 2, 719
1, 64, 70391, 62, 3735, 7, 4, 382
1, 37, 89005, 13, 3341, 3, 2, 949
0, 20, 74203, 73, 3633, 2, 2, 312
0, 54, 72888, 12, 662, 2, 4, 292
0, 82, 31316, 42, 688, 8, 1, 105
0, 39, 85632, 56, 3277, 9, 4, 16
0, 69, 51234, 71, 753, 3, 3, 709
1, 100, 63987, 60, 3791, 8, 3, 960
1, 42, 23833, 82, 4280, 8, 2, 781
1, 43, 33783, 67, 3127, 5, 2, 445
1, 5, 58848, 28, 2173, 1, 4, 794
0, 3, 43638, 66, 3341, 4, 3, 724
1, 10, 50910, 52, 1081, 3, 3, 734
0, 93, 31378, 84, 4457, 5, 1, 315
0, 98, 91685, 20, 4854, 8, 3, 402
1, 26, 22463, 71, 166, 7, 3, 582
0, 76, 63080, 100, 4037, 5, 1, 662
1, 62, 58649, 10, 1186, 5, 2, 517
1, 5, 75705, 72, 1761, 8, 3, 354
0, 51, 38152, 58, 794, 2, 3, 524
0, 98, 51685, 31, 3309, 10, 2, 665
1, 80, 68213, 54, 1955, 8, 2, 996
0, 77, 25629, 55, 3717, 3, 4, 480
0, 86, 36856, 60, 1623, 10, 1, 983
1, 48, 95070, 54, 65, 4, 3, 174
1, 75, 43460, 91, 1460, 9, 1, 23
0, 14, 12587, 75, 400, 7, 2, 317
0, 66, 78612, 10, 652, 5, 2, 550
1, 78, 77254, 43, 1718, 7, 4, 590
0, 61, 85617, 13, 3464, 7, 1, 268
0, 9, 15316, 29, 3118, 5, 3, 258
0, 62, 27488, 83, 805, 8, 1, 500
0, 39, 28751, 15, 478, 5, 1, 588
0, 80, 69587, 92, 2813, 8, 4, 205
1, 43, 90432, 19, 1346, 6, 3, 31
1, 13, 31821, 57, 2976, 2, 2, 492
1, 41, 71880, 44, 1719, 4, 4, 37
0, 66, 58932, 78, 2587, 8, 3, 956
1, 71, 70985, 24, 93, 5, 3, 59
0, 38, 36888, 25, 1286, 1, 4, 978
1, 59, 57627, 69, 3381, 2, 1, 341
1, 14, 83142, 72, 3082, 2, 4, 795
1, 57, 51161, 32, 3997, 5, 4, 527
0, 88, 29299, 14, 1604, 4, 4, 27
0, 96, 62100, 56, 9, 6, 1, 973
1, 24, 57442, 52, 4072, 4, 3, 282
1, 78, 71215, 56, 1723, 5, 3, 907
1, 67, 78485, 25, 3953, 1, 1, 714
1, 36, 16002, 60, 4337, 1, 2, 312
0, 47, 44332, 79, 1795, 3, 1, 576
1, 46, 41578, 46, 3621, 4, 4, 981
0, 85, 26633, 98, 1131, 3, 1, 589
0, 59, 59784, 14, 2181, 8, 1, 600
1, 28, 91513, 76, 488, 9, 1, 219
1, 91, 66666, 57, 2072, 7, 4, 122
0, 23, 76777, 78, 4130, 4, 2, 109
0, 9, 97755, 89, 3078, 5, 4, 867
1, 28, 61238, 98, 4221, 3, 2, 335
0, 45, 87217, 33, 3866, 6, 2, 790
0, 11, 68721, 46, 1854, 2, 2, 875
0, 1, 74981, 13, 1553, 5, 4, 51
1, 58, 50719, 82, 2820, 10, 1, 512
1, 91, 62788, 69, 1129, 6, 4, 551
0, 33, 77253, 42, 4580, 10, 4, 911
1, 86, 15378, 70, 1648, 3, 1, 939
1, 53, 90707, 57, 3739, 8, 3, 802
1, 28, 57347, 73, 526, 5, 1, 58
1, 63, 31606, 22, 1932, 6, 3, 995
0, 32, 89108, 35, 11, 5, 3, 396
0, 76, 13532, 58, 27, 8, 2, 694
1, 100, 76575, 26, 4583, 8, 4, 251
1, 95, 22286, 28, 2179, 4, 2, 179
0, 98, 16179, 12, 2907, 7, 2, 831
1, 49, 43880, 33, 766, 1, 4, 711
0, 73, 89592, 89, 2768, 9, 3, 580
1, 80, 79272, 49, 3414, 6, 3, 153
0, 99, 60522, 25, 2354, 7, 4, 250
1, 36, 18554, 82, 4754, 7, 2, 971
1, 24, 31922, 11, 120, 4, 3, 616
1, 36, 28853, 100, 878, 8, 1, 603
1, 10, 13786, 32, 1479, 8, 2, 270
0, 26, 55852, 88, 2260, 1, 2, 842
0, 3, 96906, 50, 3010, 4, 3, 774
1, 16, 83918, 54, 4869, 7, 4, 876
1, 6, 14533, 71, 2610, 1, 2, 837
0, 11, 89966, 11, 3468, 9, 3, 243
1, 37, 28884, 42, 1935, 1, 4, 447
0, 69, 29182, 21, 1473, 3, 4, 325
0, 77, 55103, 25, 2747, 4, 4, 341
0, 71, 86954, 40, 3575, 10, 4, 514
1, 73, 74881, 67, 167, 6, 3, 702
0, 17, 57569, 46, 3610, 1, 4, 746
0, 49, 82248, 10, 667, 4, 3, 165
1, 22, 25873, 80, 605, 5, 2, 823
0, 27, 37644, 60, 2786, 5, 2, 609
1, 27, 11073, 24, 4192, 10, 4, 248
0, 6, 41798, 17, 2432, 1, 4, 942
0, 45, 50950, 31, 2881, 1, 2, 200
0, 5, 48844, 27, 1156, 4, 2, 7
0, 43, 91637, 61, 3108, 9, 4, 597
1, 3, 70575, 91, 4427, 10, 3, 566
0, 34, 45229, 94, 4762, 3, 1, 629
1, 87, 76036, 73, 2451, 5, 2, 687
1, 11, 19827, 100, 3940, 4, 4, 701
0, 74, 83568, 16, 4595, 9, 4, 628
1, 60, 60661, 22, 3368, 10, 1, 578
1, 55, 89949, 39, 1800, 7, 3, 590
0, 46, 23981, 60, 1195, 8, 1, 98
0, 71, 88198, 84, 109, 4, 3, 596
0, 12, 52391, 50, 1808, 6, 4, 116
0, 57, 58352, 12, 809, 4, 1, 356
0, 73, 23855, 92, 2297, 2, 1, 100
1, 17, 89966, 99, 2935, 1, 2, 752
1, 93, 81535, 86, 3946, 4, 3, 337
1, 81, 87773, 32, 4643, 4, 1, 918
0, 50, 38805, 96, 2205, 3, 1, 407
0, 60, 99341, 35, 2450, 9, 2, 798
0, 55, 25382, 53, 620, 7, 4, 113
0, 31, 10697, 32, 4268, 6, 3, 234
0, 25, 13523, 65, 1888, 6, 3, 825
1, 14, 11452, 87, 3368, 1, 1, 207
1, 20, 10062, 62, 3120, 10, 3, 169
0, 75, 64462, 57, 9, 1, 3, 620
1, 12, 60932, 17, 2815, 8, 2, 766
0, 86, 92463, 80, 3971, 4, 1, 793
1, 27, 16787, 69, 3762, 10, 2, 148
1, 29, 49547, 91, 1654, 8, 2, 706
1, 90, 28737, 34, 3559, 5, 2, 257
0, 32, 90545, 42, 437, 9, 3, 118
1, 8, 24073, 74, 1672, 10, 1, 434
1, 64, 24723, 63, 336, 4, 1, 334
0, 48, 58887, 60, 364, 3, 3, 523
0, 31, 48757, 80, 3888, 1, 4, 649
0, 7, 36377, 78, 3913, 5, 3, 708
1, 60, 20694, 40, 3877, 5, 4, 663
1, 48, 73698, 29, 4677, 7, 1, 425
0, 29, 22213, 99, 4593, 3, 4, 228
0, 14, 21957, 22, 4328, 6, 1, 193
1, 33, 74376, 10, 2463, 6, 4, 634
0, 38, 10637, 74, 248, 8, 3, 2
1, 46, 79837, 19, 2383, 5, 2, 559
1, 13, 72045, 25, 3955, 1, 1, 264
1, 77, 80993, 25, 3785, 4, 3, 491
0, 92, 33669, 49, 1779, 7, 2, 887
1, 34, 12570, 77, 2494, 9, 4, 597
1, 75, 35536, 58, 3639, 5, 4, 69
1, 21, 10866, 59, 3854, 2, 2, 394
0, 32, 93934, 85, 815, 3, 1, 908
0, 3, 62594, 78, 3418, 3, 1, 358
1, 90, 79215, 91, 1898, 1, 1, 677
1, 21, 81004, 95, 2541, 6, 2, 584
1, 9, 93636, 41, 581, 2, 2, 668
0, 11, 60992, 67, 943, 10, 2, 737
1, 74, 91584, 91, 2093, 9, 3, 550
1, 26, 42717, 94, 1406, 10, 2, 227
1, 5, 22098, 53, 2131, 4, 4, 589
1, 90, 51617, 68, 4680, 10, 4, 64
1, 71, 49489, 14, 2200, 4, 3, 682
0, 52, 49836, 50, 2558, 6, 1, 346
0, 26, 96068, 60, 3518, 3, 4, 370
1, 50, 28581, 32, 3654, 8, 3, 697
1, 87, 62935, 68, 2490, 1, 4, 855
0, 54, 83308, 43, 803, 8, 4, 375
0, 27, 51178, 53, 3356, 1, 3, 741
0, 47, 40099, 22, 2830, 5, 4, 719
1, 10, 91105, 48, 4568, 1, 1, 151
0, 2, 65187, 66, 1942, 7, 1, 466
0, 83, 39011, 65, 941, 7, 1, 829
0, 85, 48315, 51, 488, 3, 3, 969
0, 48, 67228, 17, 2688, 5, 1, 458
1, 57, 77599, 17, 4617, 8, 2, 871
1, 69, 77992, 24, 3859, 7, 4, 951
1, 30, 80987, 63, 2635, 10, 2, 112
1, 14, 80101, 17, 3028, 7, 2, 102
1, 80, 66230, 100, 2028, 5, 3, 57
1, 17, 69781, 47, 1063, 4, 3, 423
0, 77, 26110, 18, 4449, 6, 1, 676
1, 21, 96568, 57, 4276, 2, 4, 13
1, 65, 67363, 15, 1643, 9, 3, 37
0, 15, 66069, 80, 3576, 8, 2, 297
0, 42, 96137, 73, 2846, 7, 2, 442
0, 17, 79852, 30, 4828, 7, 3, 343
1, 60, 53376, 10, 693, 6, 3, 844
0, 4, 24823, 28, 4297, 8, 2, 178
1, 91, 92989, 24, 4838, 5, 1, 688
0, 75, 31583, 35, 2053, 8, 4, 1
1, 52, 55017, 72, 1468, 4, 4, 321
0, 64, 16974, 63, 158, 9, 3, 363
0, 66, 10436, 20, 4726, 6, 2, 924
0, 77, 89809, 58, 2663, 5, 1, 378
0, 56, 31048, 86, 2361, 10, 4, 708
1, 52, 90748, 10, 367, 6, 2, 111
1, 77, 85932, 36, 1160, 5, 4, 733
1, 25, 61729, 89, 4010, 9, 3, 789
1, 40, 28337, 32, 3896, 7, 2, 734
1, 76, 13913, 92, 1480, 10, 2, 353
1, 17, 83176, 13, 871, 6, 4, 395
1, 16, 51901, 59, 514, 3, 4, 10
0, 30, 11432, 98, 723, 4, 4, 580
0, 63, 88952, 25, 4647, 10, 1, 163
1, 29, 96569, 53, 272, 2, 1, 406
1, 41, 69947, 37, 4757, 8, 1, 394
0, 48, 45148, 51, 923, 7, 2, 341
1, 78, 44544, 66, 3144, 5, 3, 144
0, 66, 61259, 59, 745, 10, 1, 867
1, 13, 47006, 35, 987, 7, 4, 399
0, 10, 25447, 88, 1122, 6, 1, 128
0, 5, 15033, 12, 3769, 9, 2, 777
0, 38, 60710, 97, 1151, 1, 1, 952
0, 1, 29950, 34, 4078, 4, 4, 669
0, 48, 91491, 36, 4765, 9, 1, 762
1, 34, 32317, 32, 1169, 5, 3, 170
0, 94, 41966, 10, 3543, 3, 1, 356
0, 42, 39484, 89, 2352, 5, 1, 120
1, 16, 15927, 73, 4435, 10, 4, 78
0, 97, 69794, 11, 2904, 8, 3, 477
0, 13, 45074, 64, 1828, 1, 2, 673
1, 71, 21988, 49, 3969, 1, 3, 967
1, 22, 94367, 48, 3977, 6, 2, 258
1, 85, 70981, 20, 3059, 2, 4, 516
1, 13, 10328, 89, 2240, 2, 1, 780
1, 53, 69810, 15, 4832, 3, 1, 545
0, 75, 71618, 13, 3028, 7, 4, 910
0, 3, 86563, 76, 4020, 4, 3, 131
0, 60, 29713, 96, 680, 10, 2, 692
1, 16, 24031, 35, 1923, 1, 1, 570
1, 94, 25750, 75, 1521, 9, 3, 148
1, 95, 36700, 50, 727, 1, 1, 718
0, 30, 11891, 83, 1636, 2, 2, 235
1, 83, 65577, 86, 4100, 1, 4, 178
0, 39, 91792, 68, 2848, 2, 3, 728
1, 96, 34446, 62, 1813, 5, 2, 349
0, 36, 40511, 66, 50, 4, 3, 510
0, 6, 59404, 65, 3218, 1, 2, 580
1, 38, 24054, 89, 2380, 5, 2, 100
0, 43, 89523, 56, 3525, 8, 3, 143
1, 54, 24553, 62, 1904, 7, 2, 71
0, 21, 79773, 20, 19, 7, 3, 334
0, 34, 84311, 96, 2642, 3, 3, 243
0, 1, 26319, 33, 322, 3, 2, 485
0, 86, 47256, 41, 4932, 4, 2, 850
1, 29, 41562, 50, 2809, 8, 3, 400
0, 98, 69293, 19, 1824, 7, 4, 164
0, 3, 84442, 11, 3797, 3, 1, 372
1, 11, 97468, 34, 4518, 5, 3, 613
0, 86, 20523, 29, 1439, 4, 4, 550
0, 4, 44270, 50, 1037, 3, 2, 706
1, 2, 28891, 26, 573, 5, 3, 544
1, 72, 51453, 39, 1443, 7, 4, 371
0, 28, 30314, 44, 1710, 5, 2, 259
1, 21, 14538, 10, 4086, 4, 4, 541
1, 86, 64065, 74, 649, 5, 3, 660
0, 96, 20022, 44, 1919, 6, 2, 924
1, 5, 16782, 92, 2380, 9, 3, 148
0, 83, 87571, 74, 3406, 4, 2, 981
0, 15, 82964, 22, 1368, 8, 2, 601
0, 29, 59704, 27, 1507, 1, 1, 552
0, 44, 28384, 75, 4932, 10, 3, 491
0, 8, 30433, 83, 3336, 8, 4, 606
1, 55, 27301, 11, 2920, 2, 2, 293
0, 76, 92765, 78, 990, 5, 4, 988
0, 86, 45051, 36, 1858, 2, 4, 734
0, 63, 20533, 57, 595, 5, 4, 756
1, 81, 12582, 22, 2504, 1, 3, 185
1, 8, 30863, 43, 2096, 8, 3, 673
1, 68, 14315, 51, 4348, 5, 4, 18
1, 45, 10996, 81, 1347, 3, 2, 643
1, 7, 29475, 95, 2513, 3, 2, 627
1, 24, 40227, 20, 1259, 8, 4, 103
1, 20, 56821, 63, 391, 6, 2, 470
1, 58, 10801, 73, 506, 9, 3, 616
0, 26, 43469, 16, 4135, 6, 3, 229
0, 15, 11020, 97, 3659, 9, 2, 171
1, 19, 92510, 77, 2863, 1, 1, 450
1, 20, 84952, 31, 4097, 1, 4, 595
0, 19, 69362, 81, 1810, 8, 3, 826
1, 86, 33628, 81, 3116, 1, 4, 383
1, 77, 74364, 61, 2409, 7, 4, 735
1, 48, 93784, 61, 2574, 4, 1, 911
1, 89, 11044, 66, 3599, 4, 4, 369
1, 13, 67415, 41, 4398, 7, 4, 201
0, 11, 18539, 11, 2476, 7, 1, 816
0, 50, 99497, 59, 1246, 4, 1, 931
1, 47, 81014, 86, 3536, 1, 2, 688
1, 82, 17906, 39, 2428, 7, 1, 94
1, 97, 94568, 72, 3202, 10, 1, 596
0, 61, 17340, 69, 797, 8, 4, 431
1, 9, 90771, 68, 3334, 3, 3, 770
0, 100, 73815, 64, 1969, 10, 2, 136
1, 69, 31623, 54, 4486, 2, 3, 784
1, 37, 59990, 91, 4175, 7, 2, 415
0, 62, 26572, 86, 1686, 1, 3, 56
0, 78, 71423, 34, 3791, 3, 4, 200
1, 69, 64540, 85, 2484, 10, 1, 89
1, 85, 55298, 80, 2626, 9, 1, 591
0, 86, 14917, 72, 2001, 7, 4, 906
1, 9, 78840, 69, 3361, 3, 2, 442
0, 82, 79159, 43, 2849, 7, 4, 644
0, 71, 84875, 34, 2751, 8, 1, 177
0, 81, 88687, 72, 1964, 4, 3, 70
1, 12, 25813, 96, 1026, 2, 1, 1
1, 62, 87880, 25, 1126, 5, 3, 868
1, 92, 22239, 52, 1866, 6, 3, 568
0, 82, 92475, 61, 266, 7, 3, 547
0, 67, 74540, 40, 639, 7, 4, 506
0, 49, 15654, 57, 4427, 4, 1, 355
0, 8, 45064, 84, 4700, 7, 4, 848
0, 60, 79049, 36, 1041, 8, 2, 279
0, 4, 20775, 79, 1132, 10, 1, 651
1, 100, 98169, 42, 4197, 9, 3, 173
1, 36, 28818, 37, 4636, 2, 2, 484
1, 34, 36553, 32, 834, 7, 3, 566
1, 70, 79951, 55, 623, 1, 1, 483
0, 74, 84763, 13, 4444, 10, 4, 671
1, 59, 86541, 86, 3824, 8, 4, 661
0, 33, 53533, 59, 865, 1, 3, 655
1, 76, 74882, 65, 3517, 10, 3, 231
1, 4, 82876, 10, 981, 6, 3, 372
1, 85, 69600, 92, 4978, 2, 1, 271
0, 69, 56135, 12, 3945, 2, 2, 946
0, 50, 14585, 88, 4610, 4, 4, 186
1, 89, 27567, 27, 538, 7, 2, 626
1, 79, 29409, 20, 3557, 8, 3, 956
1, 81, 16813, 31, 4091, 4, 2, 282
0, 89, 80094, 68, 3500, 1, 4, 755
1, 87, 47227, 43, 553, 9, 4, 922
0, 97, 40681, 82, 3818, 7, 2, 301
1, 62, 98095, 92, 2487, 2, 1, 148
1, 48, 53416, 86, 1478, 2, 2, 887
0, 85, 93344, 33, 1371, 3, 4, 558
1, 30, 35359, 78, 998, 5, 1, 963
1, 60, 27057, 11, 251, 3, 1, 398
0, 84, 93519, 57, 2954, 6, 3, 975
0, 1, 58711, 32, 2983, 4, 3, 119
1, 36, 86530, 89, 2889, 6, 1, 590
1, 91, 97023, 66, 375, 3, 4, 619
1, 59, 35527, 46, 4376, 3, 3, 6
0, 73, 38387, 92, 165, 9, 2, 902
0, 70, 15354, 64, 4943, 9, 2, 737
0, 50, 60485, 64, 1454, 5, 4, 512
0, 43, 25085, 64, 4114, 9, 2, 200
1, 41, 20861, 58, 289, 9, 2, 730
1, 79, 22608, 87, 3945, 8, 2, 645
0, 98, 12325, 23, 4389, 4, 4, 860
0, 73, 51472, 71, 3886, 6, 4, 993
0, 55, 12563, 31, 211, 5, 3, 773
0, 63, 33709, 11, 3960, 3, 1, 703
1, 46, 87746, 84, 1763, 10, 2, 216
0, 49, 73055, 60, 1076, 8, 4, 48
0, 53, 56581, 32, 3000, 4, 1, 847
1, 86, 85028, 60, 1302, 3, 3, 429
0, 41, 77576, 16, 4882, 4, 1, 930
0, 75, 36558, 95, 620, 4, 4, 676
1, 89, 31098, 62, 2396, 1, 2, 1
0, 35, 50045, 47, 177, 9, 4, 134
0, 26, 48520, 49, 3350, 10, 1, 756
1, 12, 74554, 70, 1590, 1, 2, 776
1, 87, 75894, 57, 314, 9, 1, 667
1, 95, 98138, 14, 3664, 5, 3, 325
0, 52, 32023, 40, 2387, 7, 1, 695
1, 44, 64992, 34, 262, 1, 3, 115
0, 70, 35865, 16, 2938, 5, 1, 37
1, 86, 86783, 39, 4224, 10, 2, 561
1, 22, 45254, 57, 4457, 7, 1, 735
1, 49, 57382, 62, 1587, 10, 3, 43
0, 69, 16186, 13, 313, 4, 1, 753
0, 51, 48913, 31, 1374, 6, 1, 439
1, 37, 61144, 55, 1981, 7, 2, 715
0, 3, 69753, 90, 3154, 5, 3, 812
0, 42, 67712, 43, 3865, 9, 1, 384
0, 85, 70411, 29, 272, 1, 1, 575
1, 33, 99868, 76, 2182, 4, 3, 316
1, 15, 86717, 86, 3632, 4, 1, 627
1, 74, 89470, 86, 1672, 4, 4, 937
0, 13, 95604, 67, 3948, 6, 2, 473
1, 75, 94991, 59, 2674, 1, 4, 450
1, 50, 61580, 12, 733, 1, 3, 447
1, 66, 53458, 92, 3236, 10, 3, 563
1, 77, 67758, 90, 3215, 10, 2, 793
0, 30, 63020, 24, 2228, 6, 2, 42
0, 15, 28088, 42, 2764, 4, 1, 923
0, 39, 70405, 67, 3692, 5, 3, 144
0, 3, 12811, 97, 2470, 3, 2, 434
0, 17, 82553, 14, 2119, 9, 2, 157
1, 73, 48230, 37, 3030, 2, 4, 189
0, 78, 97743, 70, 3578, 4, 2, 216
0, 95, 42824, 33, 1565, 6, 2, 797
0, 40, 94590, 61, 1898, 7, 1, 242
1, 10, 39976, 71, 4841, 3, 2, 518
0, 29, 96368, 81, 4641, 1, 1, 846
0, 75, 69135, 14, 4817, 5, 1, 291
0, 58, 36581, 61, 2817, 10, 2, 119
0, 15, 12206, 66, 1946, 4, 4, 188
1, 98, 95949, 90, 4729, 6, 4, 480
0, 82, 58053, 35, 2649, 5, 3, 364
1, 10, 62848, 78, 3991, 8, 2, 280
0, 72, 16134, 53, 2330, 9, 4, 308
1, 57, 27168, 80, 448, 9, 4, 132
0, 53, 46515, 24, 3142, 10, 4, 955
1, 86, 89057, 10, 3441, 1, 2, 528
0, 86, 60803, 32, 1433, 9, 1, 723
0, 70, 81507, 95, 4400, 3, 2, 73
0, 13, 66042, 42, 2715, 4, 2, 187
1, 11, 99458, 98, 1169, 2, 3, 562
0, 41, 81249, 44, 3400, 6, 1, 68
1, 29, 80714, 49, 2356, 5, 3, 665
0, 13, 34751, 27, 1164, 1, 4, 545
1, 24, 46133, 21, 4089, 7, 3, 965
1, 94, 31926, 28, 4609, 2, 4, 339
0, 50, 87835, 68, 558, 1, 4, 839
0, 56, 58188, 87, 4256, 9, 4, 598
1, 61, 31154, 15, 867, 8, 2, 879
1, 75, 48077, 60, 2733, 3, 2, 96
0, 9, 89651, 81, 524, 9, 1, 866
0, 23, 20163, 83, 2254, 2, 3, 730
0, 92, 51254, 63, 2869, 5, 4, 637
1, 73, 65961, 75, 4926, 3, 3, 210
0, 19, 54477, 66, 2438, 9, 4, 362
0, 93, 96900, 41, 1010, 1, 4, 440
0, 86, 68638, 10, 748, 3, 1, 353
1, 62, 18299, 79, 1935, 8, 2, 313
0, 24, 47789, 48, 322, 10, 3, 663
1, 65, 42068, 13, 2291, 3, 4, 333
1, 88, 98857, 56, 1647, 6, 3, 383
0, 72, 82720, 12, 786, 4, 1, 643
1, 2, 86773, 32, 609, 5, 4, 786
1, 17, 41191, 76, 2411, 6, 2, 414
0, 17, 25534, 18, 4075, 3, 4, 348
1, 53, 29029, 51, 670, 5, 1, 737
1, 81, 74912, 89, 1561, 1, 3, 922
1, 61, 80773, 62, 2183, 8, 4, 482
1, 52, 69683, 98, 2925, 4, 4, 612
1, 51, 61621, 91, 371, 2, 1, 646
0, 46, 50088, 43, 775, 4, 4, 975
1, 64, 92586, 35, 2931, 6, 1, 567
0, 37, 31254, 18, 885, 2, 4, 973
0, 4, 46842, 25, 3715, 1, 3, 727
1, 76, 83866, 31, 4759, 9, 4, 237
0, 66, 67437, 94, 2511, 2, 3, 39
0, 16, 45320, 98, 3210, 8, 2, 405
1, 64, 81589, 36, 2365, 1, 3, 779
0, 91, 43486, 12, 2580, 4, 4, 823
0, 37, 40042, 46, 4457, 2, 1, 183
1, 5, 72519, 100, 3903, 5, 2, 531
0, 73, 88906, 87, 1892, 2, 1, 724
1, 63, 66709, 76, 1111, 5, 4, 992
1, 17, 56838, 85, 2840, 1, 2, 584
0, 63, 48861, 25, 4221, 6, 2, 586
0, 51, 43559, 39, 2480, 1, 3, 598
1, 42, 63918, 76, 257, 1, 1, 255
0, 19, 10459, 27, 3766, 7, 3, 743
0, 100, 14712, 74, 3501, 10, 2, 664
0, 96, 36697, 82, 2543, 3, 2, 519
1, 34, 75117, 92, 4642, 2, 2, 399
1, 70, 35371, 42, 3648, 2, 2, 769
1, 75, 48145, 58, 1555, 5, 2, 306
0, 84, 81099, 70, 902, 7, 2, 589
1, 36, 37310, 45, 2179, 8, 1, 947
1, 78, 71718, 88, 1127, 10, 2, 980
1, 59, 42963, 36, 2619, 10, 1, 40
1, 62, 50523, 52, 3819, 1, 4, 802
1, 69, 85751, 26, 2480, 6, 2, 191
1, 76, 92908, 56, 883, 6, 3, 858
0, 65, 71116, 48, 3801, 4, 1, 270
0, 71, 22557, 58, 3890, 3, 3, 521
0, 65, 82652, 49, 1049, 1, 4, 875
1, 18, 94160, 88, 1766, 7, 3, 164
0, 79, 93614, 15, 620, 7, 2, 981
1, 18, 15282, 20, 1606, 10, 2, 166
0, 84, 31871, 70, 3404, 10, 3, 458
1, 86, 25491, 95, 2751, 3, 4, 624
1, 53, 94009, 74, 4876, 6, 4, 790
0, 69, 45522, 88, 340, 10, 2, 509
0, 4, 64167, 87, 473, 9, 3, 560
0, 80, 32835, 46, 2624, 8, 4, 764
0, 57, 45849, 33, 4139, 5, 3, 508
0, 39, 64538, 78, 2395, 7, 4, 715
0, 42, 97736, 16, 157, 8, 2, 441
1, 44, 91904, 21, 2090, 10, 3, 843
1, 17, 61064, 31, 3189, 5, 1, 339
0, 98, 39218, 100, 3204, 4, 1, 105
1, 3, 16133, 27, 2037, 2, 1, 747
0, 69, 27140, 47, 2040, 3, 4, 732
0, 44, 35270, 33, 1710, 2, 4, 379
0, 58, 93710, 66, 2208, 2, 1, 198
0, 12, 18177, 10, 1241, 6, 1, 813
1, 23, 81775, 58, 3427, 8, 3, 903
0, 36, 99963, 49, 473, 6, 4, 29
1, 39, 34648, 58, 2861, 9, 3, 936
0, 30, 60156, 59, 2955, 1, 3, 254
0, 28, 92903, 45, 4013, 3, 2, 563
1, 20, 29356, 15, 2999, 4, 1, 132
1, 48, 41891, 47, 4731, 10, 3, 239
1, 14, 57145, 69, 1953, 9, 1, 516
0, 92, 27768, 25, 791, 9, 1, 291
1, 59, 95955, 54, 3921, 4, 1, 245
1, 1, 64049, 77, 1549, 8, 3, 321
1, 65, 27297, 59, 4056, 7, 2, 687
0, 9, 87411, 94, 4207, 7, 4, 604
1, 24, 95858, 39, 443, 4, 3, 840
1, 49, 74928, 32, 4921, 7, 2, 393
1, 22, 25226, 27, 3205, 4, 3, 894
1, 33, 67733, 88, 3508, 6, 3, 763
1, 8, 60466, 73, 3283, 1, 1, 962
0, 4, 67902, 27, 879, 5, 4, 852
0, 62, 79695, 42, 818, 6, 4, 70
1, 60, 30891, 13, 2480, 9, 2, 97
1, 76, 46272, 67, 1221, 9, 1, 609
0, 78, 98762, 75, 4286, 1, 1, 332
0, 42, 46899, 89, 3948, 5, 3, 464
1, 12, 19946, 20, 4962, 9, 2, 650
1, 61, 59676, 14, 4321, 3, 4, 526
1, 94, 11884, 68, 1103, 10, 2, 244
0, 26, 93756, 61, 2384, 1, 2, 820
1, 48, 11593, 86, 1983, 9, 1, 659
0, 91, 69390, 71, 3384, 2, 3, 167
0, 92, 71268, 19, 2967, 8, 3, 217
0, 57, 31209, 20, 4017, 7, 1, 459
1, 88, 48684, 13, 1812, 2, 1, 506
0, 80, 94865, 14, 756, 10, 3, 322
0, 93, 58478, 83, 3986, 1, 3, 646
0, 44, 21791, 82, 3663, 8, 3, 486
0, 31, 46000, 12, 1983, 3, 4, 146
0, 43, 40240, 38, 1482, 2, 1, 467
1, 82, 26594, 31, 3890, 6, 2, 272
1, 21, 86351, 45, 725, 1, 1, 774
0, 51, 17590, 60, 3156, 9, 1, 519
0, 70, 44836, 24, 3965, 4, 4, 562
0, 37, 92948, 43, 1008, 5, 4, 191
1, 80, 35246, 70, 3450, 10, 3, 885
0, 94, 83658, 66, 186, 5, 4, 928
1, 37, 91676, 14, 3756, 5, 1, 281
1, 99, 57139, 11, 1431, 6, 2, 664
0, 37, 89109, 11, 3292, 10, 4, 298
0, 84, 70158, 15, 2279, 9, 3, 431
0, 43, 98122, 40, 2451, 8, 2, 444
0, 21, 69911, 51, 733, 10, 1, 986
1, 82, 57068, 24, 4282, 8, 4, 691
1, 77, 81368, 98, 4316, 9, 2, 176
0, 74, 78884, 77, 3697, 8, 4, 331
0, 98, 50269, 93, 618, 5, 2, 605
0, 15, 35625, 20, 2636, 1, 2, 265
1, 16, 10619, 70, 4099, 1, 1, 488
0, 23, 73276, 44, 1397, 6, 2, 144
1, 35, 84991, 75, 3343, 1, 3, 922
0, 20, 58450, 76, 2599, 10, 2, 230
0, 13, 76681, 11, 4659, 4, 3, 617
1, 72, 75743, 89, 182, 10, 1, 510
1, 66, 28618, 88, 4265, 5, 3, 592
0, 98, 53629, 54, 3040, 7, 3, 684
0, 46, 65385, 79, 1394, 10, 4, 467
1, 90, 42794, 55, 967, 6, 3, 852
0, 52, 29118, 53, 1660, 2, 3, 346
0, 27, 61507, 47, 1841, 2, 3, 367
0, 20, 51800, 68, 1116, 5, 4, 505
1, 34, 59678, 90, 4341, 2, 1, 486
1, 93, 95177, 43, 2086, 7, 2, 329
0, 10, 21974, 15, 2746, 10, 2, 85
0, 11, 79388, 43, 2365, 7, 2, 310
1, 99, 83569, 40, 2602, 8, 3, 53
1, 48, 41719, 46, 3884, 2, 1, 504
0, 79, 40274, 79, 3635, 7, 1, 583
0, 78, 43725, 20, 3062, 4, 3, 939
0, 100, 62205, 98, 1879, 10, 4, 501
0, 60, 82770, 46, 4223, 5, 2, 834
0, 63, 35699, 70, 4784, 10, 3, 120
1, 37, 83802, 57, 4732, 9, 2, 60
1, 33, 89227, 45, 3329, 4, 3, 995
1, 29, 98279, 58, 3592, 2, 4, 461
1, 40, 92373, 20, 3067, 7, 2, 110
1, 49, 30714, 99, 2520, 3, 2, 586
0, 88, 92943, 16, 2337, 8, 3, 131
0, 53, 26841, 85, 2402, 8, 3, 325
0, 46, 37563, 29, 1920, 7, 1, 881
0, 49, 13697, 22, 4263, 1, 3, 245
0, 56, 35120, 90, 423, 5, 2, 823
1, 26, 75344, 59, 4635, 9, 2, 372
1, 18, 16535, 63, 763, 5, 3, 899
1, 10, 12725, 37, 1466, 4, 1, 216
0, 91, 91533, 16, 4668, 6, 4, 522
1, 63, 89943, 80, 1223, 4, 4, 153
1, 77, 51702, 49, 2928, 4, 4, 261
0, 52, 64285, 81, 2964, 7, 2, 579
1, 58, 87150, 92, 1711, 8, 4, 972
1, 86, 46510, 35, 3415, 9, 4, 981
1, 66, 95733, 75, 3501, 9, 4, 752
1, 64, 72868, 25, 3631, 6, 2, 725
1, 57, 85396, 83, 1435, 7, 1, 317
0, 93, 38507, 77, 4976, 9, 4, 64
1, 42, 48680, 99, 2261, 9, 3, 337
0, 93, 93853, 83, 3485, 9, 2, 381
0, 91, 21779, 77, 2792, 5, 2, 277
1, 76, 54953, 36, 828, 1, 3, 655
0, 26, 71615, 48, 1444, 2, 2, 419
1, 25, 30321, 90, 3308, 9, 3, 202
0, 35, 99826, 25, 3583, 7, 4, 853
1, 62, 41617, 57, 4153, 5, 2, 445
1, 4, 10744, 80, 3134, 6, 4, 865
0, 5, 95583, 53, 920, 2, 1, 685
1, 57, 20101, 51, 1810, 2, 3, 652
1, 85, 94969, 35, 3967, 6, 1, 141
1, 65, 55308, 76, 3581, 5, 4, 432
0, 10, 11058, 78, 4676, 8, 2, 258
1, 7, 19029, 16, 2740, 3, 3, 944
0, 69, 54251, 94, 4916, 7, 3, 348
0, 41, 39459, 29, 2152, 4, 1, 390
0, 10, 86734, 19, 2742, 4, 2, 10
0, 27, 29199, 42, 2561, 4, 4, 871
1, 84, 93300, 64, 4402, 9, 4, 401
1, 51, 44265, 83, 2136, 7, 1, 712
1, 2, 36275, 25, 1899, 10, 2, 637
1, 2, 22597, 61, 421, 5, 2, 156
1, 72, 98784, 58, 4026, 9, 1, 110
0, 3, 52893, 83, 2191, 6, 3, 5
1, 76, 36977, 99, 4003, 4, 3, 189
1, 97, 51279, 86, 2288, 2, 4, 841
0, 35, 27733, 22, 2116, 3, 2, 994
0, 75, 37744, 52, 3170, 10, 1, 687
1, 70, 92456, 58, 3389, 7, 3, 203
1, 1, 70944, 88, 4317, 1, 4, 740
0, 35, 40919, 55, 152, 3, 1, 864
1, 19, 52845, 98, 3082, 1, 4, 401
0, 89, 38873, 35, 1145, 4, 3, 475
1, 65, 96407, 50, 2157, 9, 4, 423
0, 45, 29777, 60, 3517, 9, 1, 580
1, 12, 13531, 88, 4737, 9, 4, 387
0, 30, 18176, 73, 1217, 7, 1, 393
1, 88, 10820, 26, 1075, 8, 4, 632
0, 5, 56750, 93, 2940, 3, 4, 303
1, 23, 80521, 76, 11, 8, 1, 181
1, 72, 39467, 28, 3914, 2, 2, 347
0, 88, 70650, 87, 4255, 6, 1, 749
1, 16, 42642, 83, 2721, 9, 4, 379
1, 58, 74630, 82, 4363, 8, 3, 326
1, 90, 88820, 44, 2768, 6, 3, 596
1, 97, 29252, 70, 910, 8, 2, 895
0, 71, 76025, 89, 3766, 6, 4, 376
0, 74, 31671, 66, 1478, 6, 1, 325
0, 59, 63001, 53, 375, 1, 1, 713
0, 59, 67308, 53, 1000, 6, 2, 255
1, 56, 21987, 70, 3865, 6, 4, 54
1, 55, 38662, 96, 754, 8, 3, 111
1, 66, 36942, 74, 4814, 10, 3, 399
0, 18, 26964, 84, 1502, 10, 1, 565
0, 88, 73863, 11, 4461, 4, 4, 666
1, 91, 59004, 94, 1820, 6, 3, 36
1, 5, 52990, 66, 3810, 6, 1, 563
0, 65, 67547, 92, 1242, 2, 3, 933
0, 75, 48788, 70, 2384, 7, 2, 79
1, 69, 60612, 92, 38, 6, 1, 381
1, 99, 27916, 47, 3868, 3, 3, 323
0, 16, 91372, 77, 2803, 1, 1, 404
